13
SphericalBC{Float64} r2: 101.06969058367278 0.3138428376721002 0.1 1.0 10799 0
1  5.173561247438682 2.430246628838354 1.8554316806952094 
1  4.190832903136601 -3.158728104787007 2.3572867247931613 
1  3.4925532763835703 -1.1685226092654413 -3.12974919627403 
1  1.5806296697527684 4.683266197343623 -2.6181726142939055 
1  1.4325006780053742 -0.07531901658271614 6.55063034348936 
1  -0.11186194240973053 5.764990012982176 3.541690533755573 
1  -5.358434646169493 -1.297788898945008 0.3590944138681527 
1  -0.9075568190034042 -4.267229418224191 -1.726260867412359 
1  -1.481142053857805 -4.374776117278539 4.100367593139766 
1  -2.5394362779657094 0.5636072676238199 -4.17812035424327 
1  -4.452734546581815 4.487059798005951 -0.25478948828947323 
1  -4.0658434175984866 1.4184422995520654 5.231753579285935 
1  -0.2907659096075833 0.5749732993992729 1.125229081719882 
