13
SphericalBC{Float64} r2: 101.06969058367278 0.3138428376721002 0.1 1.0 10658 0
1  5.563753279310188 1.9188361698492493 -0.13711541069339825 
1  5.074128866472844 -4.384756435720324 0.8817406232632309 
1  4.570643823887589 -2.143017521504376 -4.7333505948287495 
1  1.7054586442301936 3.4142596491344888 -4.427672198021917 
1  2.3356596292632092 -0.6835377483633518 4.342288620293666 
1  0.40495814295000404 5.086657341372772 0.8067279240006117 
1  -4.450511275955905 -3.1998827798977447 -1.4785486514612696 
1  0.6479546720582189 -5.9892350293877685 -2.5609818695117017 
1  -1.01802822854799 -5.197332137042885 2.667367190469998 
1  -1.0030166863840406 -1.841973879849897 -6.078921696602891 
1  -3.6911370205175316 2.7814833022715733 -2.3649726826314375 
1  -3.3068159384594797 0.221894953760754 3.263507999661252 
1  0.6800291051027667 -0.5127880804235542 -0.8988133257427019 
