13
SphericalBC{Float64} r2: 101.06969058367278 0.3138428376721002 0.1 1.0 11281 0
1  6.1532578142897885 3.0397384567140144 -0.40341177179994736 
1  4.87645155668834 -3.6432289303500083 -0.30492089277167056 
1  4.304826685252553 -0.23242706777239683 -4.838960828153891 
1  2.215383685205068 5.303720665038205 -4.436596358927397 
1  1.947655676533489 0.3578651399264906 4.708538794412416 
1  1.034665878594768 5.5614753669288435 1.8458603167616858 
1  -4.393899807024843 -1.482061946874046 -1.5415369381386255 
1  0.11639553617792393 -4.421795613335655 -3.3452552577047663 
1  -1.0128442433124196 -4.666334218253072 1.8868956898358804 
1  -0.8631013869553447 0.8039676942754395 -6.2795681420830824 
1  -3.087071363830933 4.345948263269347 -1.6157698521204003 
1  -3.7688952494583736 1.854321326649993 3.3416268706680383 
1  0.46163125189924514 0.4380668539312414 -0.5908110111418919 
