13
SphericalBC{Float64} r2: 101.06969058367278 0.3138428376721002 0.1 1.0 11317 0
1  5.902005233336689 1.7754689683332736 1.6897447813708406 
1  4.07342320312879 -4.217264704284055 1.1956617476059197 
1  4.7959417538783224 -1.3414877415192898 -4.218186165365459 
1  2.6020502970580894 4.4469507177590275 -4.636554380372206 
1  1.1929036839163771 -0.7234403888653684 5.986008984435176 
1  0.49454567054935283 4.507546517255396 3.0784881481573585 
1  -5.149856887072303 -1.3114143349918208 -1.9451442006478579 
1  -0.7170497055547409 -5.0621661368164395 -3.317364405384243 
1  -2.936927568448235 -4.33660261124731 2.5676217061384716 
1  -1.313737889712594 0.37288896907498603 -5.4699629372217915 
1  -2.7555454010740177 4.821933909526196 -1.5355770570566234 
1  -4.231792136425135 0.7890004188521004 3.807264976913415 
1  0.731638279945858 -0.2111043433093199 0.11945427570399525 
