13
SphericalBC{Float64} r2: 101.06969058367278 0.3138428376721002 0.1 1.0 11546 0
1  5.500287996112271 2.3648671382317894 -0.055730373081473966 
1  3.641032490573973 -3.798715004626178 1.054743532851054 
1  4.454157213269573 -2.0678131342431953 -4.428756862146744 
1  1.8996247851274126 5.750504421953915 -3.1109585294858126 
1  0.48645407022764375 -0.9547949532794024 5.650986936899084 
1  1.4466691734453134 4.122475238071399 3.261529945209957 
1  -6.041478327459467 -1.055492419187947 -1.4373852490317007 
1  -0.4782549673585302 -4.386558358838141 -3.3612579469640345 
1  -2.2798699972919683 -4.123091534775658 2.1244334582765365 
1  -1.2437756038137011 1.1318568206746804 -5.542585529550348 
1  -3.2606582899330503 4.9116467345253465 -0.22144394604899717 
1  -5.065424744311517 1.244436848699227 4.210267289319403 
1  0.3494854639680224 0.3281344972469491 -0.4926361158480864 
