13
SphericalBC{Float64} r2: 101.06969058367278 0.3138428376721002 0.1 1.0 10568 0
1  5.573791410350781 2.5330211696962004 2.2779451013118415 
1  3.87819379491463 -3.472285490488256 2.689109496011452 
1  4.73104213539557 -0.44028213850959347 -2.4432522042094504 
1  2.4861089387512068 4.908515649061552 -2.423011944846317 
1  1.8123077664338496 0.527548581162062 6.189576264008958 
1  0.28612980670275145 5.715762514202768 3.2650254807849177 
1  -4.857441306868965 -1.6062404211125874 -1.0125589457826902 
1  0.24731972077873152 -4.508895304633511 -1.749469386328577 
1  -1.843099817265213 -4.256811565679823 3.984406565477297 
1  -0.47365636614901174 0.097120750801067 -4.815032779288502 
1  -3.624644511031645 4.303434078509175 -1.6748044666562274 
1  -4.22722399762815 1.9359429246896047 3.888942266712499 
1  0.3684867697794514 0.5641454743029839 0.8099874275253828 
