13
SphericalBC{Float64} r2: 101.06969058367278 0.3138428376721002 0.1 1.0 10766 0
1  4.630716360558899 1.7103205393591447 0.6808817964344439 
1  2.841073580998751 -4.307125209546672 0.36668386491235183 
1  3.087192845770818 0.25354477275416887 -5.072449715379265 
1  1.100298306763334 5.230966044385129 -2.810298771553066 
1  0.10428062926155164 -0.5724057205120471 4.954809924710739 
1  0.31873862763262695 4.837443564775053 2.960864972598205 
1  -6.070160222453431 -1.3075959452035717 -2.1213489113434187 
1  -1.538610759314639 -4.3240400208019 -4.033869260290383 
1  -2.8832510066516934 -4.229344861757977 1.9645411764858618 
1  -2.6077653979769977 1.0231904946647534 -6.2903632935849245 
1  -4.49691240409341 4.383486245588695 -2.0839461250857565 
1  -5.315610388124471 0.6765235794215915 3.495515348604189 
1  -0.5657919479206368 0.19085712590026277 -0.8822777275074944 
