13
SphericalBC{Float64} r2: 101.06969058367278 0.3138428376721002 0.1 1.0 11069 0
1  5.606342069451694 2.007843489371031 1.5430317380642382 
1  4.466351495882327 -4.23566563001058 1.217688525960961 
1  4.422316020557867 -1.1630792894556539 -4.208696965196835 
1  3.1232705292991176 4.192591300633905 -3.248426153875944 
1  1.6547635236243252 -0.49761822924560306 4.94184279856972 
1  0.2843788745979504 5.1898428473031535 2.341498862808392 
1  -4.924182032772302 -2.5225408223183003 -2.6908431760231415 
1  0.3684316110425839 -5.069929601793005 -3.1588529168692636 
1  -1.1789969679908987 -5.2746106712159415 2.3188576582564484 
1  -1.1173883201632784 -0.6984902260375789 -6.492219132973787 
1  -2.854395620380869 3.6154164936702995 -2.5038645896010303 
1  -4.414675448703719 0.3518612842453696 2.314340401635959 
1  0.5550164301532645 -0.013129976964384227 -0.34428602421919396 
