13
SphericalBC{Float64} r2: 101.06969058367278 0.3138428376721002 0.1 1.0 10857 0
1  5.2561423598547865 2.0178240367811164 1.4807384923508353 
1  4.3459023296111114 -3.857021921110815 1.06668736210477 
1  3.7644183600720313 -0.46481780002514334 -3.7998785085046447 
1  1.0668670156594353 4.47968156528586 -1.5137608857131362 
1  1.6960489275168589 -2.114366787311161 6.059894303682299 
1  0.7078354556461209 3.6271749396603523 4.481312184124773 
1  -4.771841068458467 -2.575376068781879 -0.6185803773604032 
1  0.05294193618877857 -5.072620195225462 -2.9256344405600867 
1  -2.2133595009149616 -6.45272708762636 2.5972773704930363 
1  -2.122571565155875 -0.22036668167832318 -4.721938513753943 
1  -3.976384906198275 3.7299820854207546 1.213716193734197 
1  -3.8502568897585374 -0.08258179792415153 5.326359864235736 
1  0.023993622357874514 -0.22475515155807788 0.8124554787915944 
