13
SphericalBC{Float64} r2: 101.06969058367278 0.3138428376721002 0.1 1.0 11231 0
1  5.212373735290303 3.076503694380767 1.3278831347825193 
1  4.6370085706998205 -4.280735044397904 1.1467828046511124 
1  4.530931404444242 -0.9421226740656432 -3.6744994553847494 
1  0.2788341381029122 5.083716838251387 -3.307390163819704 
1  3.331283745595078 -0.13012780971701843 5.592091420269091 
1  -0.12334188693250919 5.196669637142829 3.1697309944983534 
1  -4.718509759363618 -2.8641717324537685 0.321358456941396 
1  -0.38998987312004735 -5.810072960008493 -1.1085227828377993 
1  -1.0427913992715407 -4.168101213001831 4.695941830867871 
1  -1.5422822612624136 -0.9108882689946988 -4.273742959331559 
1  -4.930117753110855 2.680047362682863 -1.2261376506128556 
1  -4.222324178891112 1.2393282051022434 4.590165323485218 
1  0.09214225054671038 -0.029241509250336195 0.7008622105027895 
