13
SphericalBC{Float64} r2: 101.06969058367278 0.3138428376721002 0.1 1.0 11389 0
1  6.918168249749705 1.0866678949877513 -0.36207182873822286 
1  4.529363895059663 -4.056984032554795 -0.015717941871989535 
1  3.786264184603396 -1.3068420297840215 -5.752875901393091 
1  2.1735094587169246 3.9223239763749684 -3.877543864639352 
1  2.7294371661735326 -0.4340608038100975 3.6705882651257205 
1  0.31960669178049994 5.256651419574035 2.01704098716988 
1  -5.7738916239993685 -0.8889744154241223 -1.3143782895236051 
1  -0.8920474350926864 -5.841697446057089 -2.5836958883241286 
1  -0.6957633919311352 -4.8215558788222985 3.070308314983826 
1  -2.106408335813112 0.881448355484637 -6.902921735660016 
1  -3.535392190384438 4.189743619388571 -2.660789876473713 
1  -3.893771611444867 1.6014129456781794 3.640563656499386 
1  -0.283137399594807 -0.14851677216743647 -1.0803592986953283 
