13
SphericalBC{Float64} r2: 101.06969058367278 0.3138428376721002 0.1 1.0 10869 0
1  4.1210152676576035 2.581868895123746 0.3362620354900539 
1  3.4805972757950663 -3.392380667440242 0.5462046553910767 
1  2.0303813895114775 -1.8071312817327732 -5.051059650990246 
1  0.5219657899156784 3.782800943999299 -4.331312381567317 
1  -0.1502864349771256 -0.2919259392514089 4.936869457698772 
1  -0.5713733842954727 5.01808273952169 1.584098037027144 
1  -6.7087547841346 -1.7032671202984893 -0.8690945967970205 
1  -2.3715029196020425 -4.7912092004520535 -3.6599732874048874 
1  -2.543240797298237 -4.967417893856594 1.7243243791802836 
1  -3.7326868439512837 0.288062444882854 -6.230181978240218 
1  -5.534537379235067 4.108887917579962 -2.004659241323956 
1  -5.39492035457064 2.158737254631392 3.406494576270212 
1  -0.9971404543188737 -0.02075371468302871 -0.5773306376083995 
