13
SphericalBC{Float64} r2: 101.06969058367278 0.3138428376721002 0.1 1.0 11317 0
1  4.954640288658495 0.6409467476293557 0.5647701197325506 
1  2.443913846221091 -4.493547690249214 0.1036950189497274 
1  3.226694845383026 -1.46886065553146 -4.626280582306344 
1  2.493611472516534 4.46856572519954 -3.345051238847611 
1  1.1706641811201903 -1.3485141967741583 5.326095359253461 
1  1.315978655674046 5.953742132186447 2.735975898547894 
1  -6.074663351167197 -0.693361393393318 -1.2462819759811503 
1  -1.6623901889805635 -4.99158497788833 -3.3799895842339183 
1  -3.1163110924369932 -3.9570804360266076 2.526936899568264 
1  -1.8735524082506645 0.6322414302427554 -5.302094610750764 
1  -2.9994836135795504 4.894356437540426 -0.9816490489399217 
1  -4.628373120277734 1.5844218109118298 4.13395249514369 
1  -0.4439946936057679 0.1482473391452799 0.13828899234873906 
