13
SphericalBC{Float64} r2: 101.06969058367278 0.3138428376721002 0.1 1.0 11535 0
1  6.124378395509468 1.4599947854051134 0.44872202314764786 
1  3.208916310951326 -4.134052341233384 0.7654545531201808 
1  2.0294666587209114 -0.896063882457127 -5.9490560907635315 
1  1.8671123967288845 3.7506918778210205 -3.3997627560372288 
1  5.546442278034837 -1.5223354453078533 5.539258462565017 
1  1.9841406747692294 3.081645392901836 4.665871457901705 
1  -5.967005174448708 -1.0828244590189882 -0.4659442916077289 
1  -1.8408260005284138 -4.473020033296056 -2.8827496464364897 
1  -1.9186885795942814 -4.790664704821247 3.528809559037199 
1  -3.1159013675585303 1.3403796618601533 -4.835610746215903 
1  -6.21061954870182 4.359435067738416 -1.1601679106954863 
1  -4.203402008955703 0.5248767249139752 4.828659671709844 
1  -0.5334101847852493 0.3930111479740689 0.5203421285611334 
