13
SphericalBC{Float64} r2: 101.06969058367278 0.3138428376721002 0.1 1.0 11459 0
1  5.090922540063028 1.3852458207294869 1.3292362936924038 
1  4.634195494968533 -4.291334608484777 1.9290167464808465 
1  3.8323819534709718 -1.2656520539138199 -3.795803329342075 
1  1.4123817860098307 3.86268494704169 -3.8701105089496837 
1  1.088342057750345 0.8890511432704331 5.4844848822188865 
1  0.39417297325901 5.213373159916844 1.257838656226404 
1  -4.946181164145286 -3.7880341620352693 -1.708278751331034 
1  0.6262013985164134 -5.58610845431987 -1.908205705361546 
1  -2.103202121985324 -5.056953378358633 3.381335254466693 
1  -1.9158341635690053 -0.7435344439233552 -5.44849681555991 
1  -5.034954879327999 4.080375616500723 -0.7539596429389399 
1  -4.575697610644951 -0.10714781507044795 3.8965067777548494 
1  -0.24030058107027613 -0.7607040169532964 0.09369508967235464 
