13
SphericalBC{Float64} r2: 101.06969058367278 0.3138428376721002 0.1 1.0 10584 0
1  5.3891135199820015 1.684374158226016 -0.15146336456113618 
1  4.030041767130285 -3.8178463089939085 1.632652721828343 
1  3.625025675890601 -1.7006768823730418 -4.565309364554428 
1  1.9767867884883228 4.003804577377394 -3.810670648846907 
1  2.000130909989045 0.27963345514751864 5.146832806636983 
1  1.3012021474168902 5.256386035155807 1.9152850343280539 
1  -5.338445787488438 -2.031421140605289 -0.8414457836641525 
1  -0.7928557589199094 -5.475969670297585 -3.1383170741198083 
1  -1.5192585025926815 -4.040414644904735 3.367940456750328 
1  -2.1300674071892405 -0.0025118879681070017 -5.364520450333431 
1  -3.2539506536715748 4.44090222465584 -1.455579697018354 
1  -3.6409694391299254 2.000975571832883 3.6687923646327314 
1  0.034608814481524766 -0.16835293920552274 -0.3989529423017046 
