emin,emax,nbins= -0.005637928837489155 -0.003271223979771572 100 
Histograms 
0.0	0.0	0.0	0.0	1.0	31.0	106.0	300.0	574.0	902.0	1206.0	1322.0	1256.0	1232.0	993.0	713.0	563.0	354.0	207.0	135.0	57.0	33.0	10.0	3.0	1.0	0.0	1.0	0.0	0.0	0.0	0.0	0.0	0.0	0.0	0.0	0.0	0.0	0.0	0.0	0.0	0.0	0.0	0.0	0.0	0.0	0.0	0.0	0.0	0.0	0.0	0.0	0.0	0.0	0.0	0.0	0.0	0.0	0.0	0.0	0.0	0.0	0.0	0.0	0.0	0.0	0.0	0.0	0.0	0.0	0.0	0.0	0.0	0.0	0.0	0.0	0.0	0.0	0.0	0.0	0.0	0.0	0.0	0.0	0.0	0.0	0.0	0.0	0.0	0.0	0.0	0.0	0.0	0.0	0.0	0.0	0.0	0.0	0.0	0.0	0.0	0.0	0.0
0.0	0.0	0.0	0.0	1.0	13.0	74.0	179.0	472.0	773.0	1040.0	1321.0	1349.0	1252.0	1061.0	804.0	580.0	459.0	292.0	167.0	90.0	41.0	24.0	4.0	2.0	2.0	0.0	0.0	0.0	0.0	0.0	0.0	0.0	0.0	0.0	0.0	0.0	0.0	0.0	0.0	0.0	0.0	0.0	0.0	0.0	0.0	0.0	0.0	0.0	0.0	0.0	0.0	0.0	0.0	0.0	0.0	0.0	0.0	0.0	0.0	0.0	0.0	0.0	0.0	0.0	0.0	0.0	0.0	0.0	0.0	0.0	0.0	0.0	0.0	0.0	0.0	0.0	0.0	0.0	0.0	0.0	0.0	0.0	0.0	0.0	0.0	0.0	0.0	0.0	0.0	0.0	0.0	0.0	0.0	0.0	0.0	0.0	0.0	0.0	0.0	0.0	0.0
0.0	0.0	0.0	0.0	1.0	14.0	52.0	119.0	335.0	559.0	872.0	1047.0	1140.0	1154.0	1045.0	996.0	835.0	616.0	451.0	297.0	171.0	106.0	79.0	46.0	30.0	16.0	7.0	6.0	3.0	2.0	1.0	0.0	0.0	0.0	0.0	0.0	0.0	0.0	0.0	0.0	0.0	0.0	0.0	0.0	0.0	0.0	0.0	0.0	0.0	0.0	0.0	0.0	0.0	0.0	0.0	0.0	0.0	0.0	0.0	0.0	0.0	0.0	0.0	0.0	0.0	0.0	0.0	0.0	0.0	0.0	0.0	0.0	0.0	0.0	0.0	0.0	0.0	0.0	0.0	0.0	0.0	0.0	0.0	0.0	0.0	0.0	0.0	0.0	0.0	0.0	0.0	0.0	0.0	0.0	0.0	0.0	0.0	0.0	0.0	0.0	0.0	0.0
0.0	0.0	0.0	0.0	3.0	13.0	38.0	121.0	257.0	510.0	803.0	988.0	1142.0	1168.0	1082.0	1024.0	864.0	602.0	484.0	307.0	199.0	140.0	110.0	52.0	45.0	7.0	15.0	6.0	8.0	7.0	2.0	2.0	1.0	0.0	0.0	0.0	0.0	0.0	0.0	0.0	0.0	0.0	0.0	0.0	0.0	0.0	0.0	0.0	0.0	0.0	0.0	0.0	0.0	0.0	0.0	0.0	0.0	0.0	0.0	0.0	0.0	0.0	0.0	0.0	0.0	0.0	0.0	0.0	0.0	0.0	0.0	0.0	0.0	0.0	0.0	0.0	0.0	0.0	0.0	0.0	0.0	0.0	0.0	0.0	0.0	0.0	0.0	0.0	0.0	0.0	0.0	0.0	0.0	0.0	0.0	0.0	0.0	0.0	0.0	0.0	0.0	0.0
0.0	0.0	0.0	0.0	0.0	2.0	26.0	74.0	209.0	369.0	649.0	871.0	1068.0	1191.0	1171.0	1092.0	859.0	730.0	543.0	388.0	280.0	190.0	117.0	80.0	41.0	22.0	11.0	11.0	2.0	2.0	2.0	0.0	0.0	0.0	0.0	0.0	0.0	0.0	0.0	0.0	0.0	0.0	0.0	0.0	0.0	0.0	0.0	0.0	0.0	0.0	0.0	0.0	0.0	0.0	0.0	0.0	0.0	0.0	0.0	0.0	0.0	0.0	0.0	0.0	0.0	0.0	0.0	0.0	0.0	0.0	0.0	0.0	0.0	0.0	0.0	0.0	0.0	0.0	0.0	0.0	0.0	0.0	0.0	0.0	0.0	0.0	0.0	0.0	0.0	0.0	0.0	0.0	0.0	0.0	0.0	0.0	0.0	0.0	0.0	0.0	0.0	0.0
0.0	0.0	0.0	0.0	0.0	1.0	12.0	48.0	122.0	260.0	513.0	652.0	886.0	1037.0	1108.0	1106.0	986.0	843.0	687.0	486.0	436.0	283.0	191.0	133.0	89.0	46.0	28.0	27.0	12.0	3.0	1.0	0.0	2.0	1.0	0.0	1.0	0.0	0.0	0.0	0.0	0.0	0.0	0.0	0.0	0.0	0.0	0.0	0.0	0.0	0.0	0.0	0.0	0.0	0.0	0.0	0.0	0.0	0.0	0.0	0.0	0.0	0.0	0.0	0.0	0.0	0.0	0.0	0.0	0.0	0.0	0.0	0.0	0.0	0.0	0.0	0.0	0.0	0.0	0.0	0.0	0.0	0.0	0.0	0.0	0.0	0.0	0.0	0.0	0.0	0.0	0.0	0.0	0.0	0.0	0.0	0.0	0.0	0.0	0.0	0.0	0.0	0.0
0.0	0.0	0.0	0.0	0.0	2.0	9.0	43.0	98.0	194.0	379.0	529.0	721.0	883.0	1033.0	1007.0	979.0	898.0	796.0	649.0	527.0	348.0	293.0	211.0	147.0	81.0	57.0	49.0	22.0	22.0	9.0	3.0	3.0	3.0	5.0	0.0	0.0	0.0	0.0	0.0	0.0	0.0	0.0	0.0	0.0	0.0	0.0	0.0	0.0	0.0	0.0	0.0	0.0	0.0	0.0	0.0	0.0	0.0	0.0	0.0	0.0	0.0	0.0	0.0	0.0	0.0	0.0	0.0	0.0	0.0	0.0	0.0	0.0	0.0	0.0	0.0	0.0	0.0	0.0	0.0	0.0	0.0	0.0	0.0	0.0	0.0	0.0	0.0	0.0	0.0	0.0	0.0	0.0	0.0	0.0	0.0	0.0	0.0	0.0	0.0	0.0	0.0
0.0	0.0	0.0	0.0	1.0	2.0	8.0	21.0	45.0	104.0	234.0	406.0	553.0	761.0	934.0	1036.0	1021.0	939.0	813.0	757.0	608.0	493.0	346.0	259.0	197.0	145.0	92.0	84.0	57.0	37.0	23.0	11.0	8.0	3.0	2.0	0.0	0.0	0.0	0.0	0.0	0.0	0.0	0.0	0.0	0.0	0.0	0.0	0.0	0.0	0.0	0.0	0.0	0.0	0.0	0.0	0.0	0.0	0.0	0.0	0.0	0.0	0.0	0.0	0.0	0.0	0.0	0.0	0.0	0.0	0.0	0.0	0.0	0.0	0.0	0.0	0.0	0.0	0.0	0.0	0.0	0.0	0.0	0.0	0.0	0.0	0.0	0.0	0.0	0.0	0.0	0.0	0.0	0.0	0.0	0.0	0.0	0.0	0.0	0.0	0.0	0.0	0.0
0.0	0.0	0.0	0.0	0.0	0.0	3.0	11.0	55.0	126.0	236.0	320.0	501.0	667.0	837.0	976.0	993.0	972.0	867.0	737.0	640.0	546.0	438.0	309.0	239.0	148.0	132.0	96.0	56.0	50.0	20.0	12.0	10.0	0.0	2.0	1.0	0.0	0.0	0.0	0.0	0.0	0.0	0.0	0.0	0.0	0.0	0.0	0.0	0.0	0.0	0.0	0.0	0.0	0.0	0.0	0.0	0.0	0.0	0.0	0.0	0.0	0.0	0.0	0.0	0.0	0.0	0.0	0.0	0.0	0.0	0.0	0.0	0.0	0.0	0.0	0.0	0.0	0.0	0.0	0.0	0.0	0.0	0.0	0.0	0.0	0.0	0.0	0.0	0.0	0.0	0.0	0.0	0.0	0.0	0.0	0.0	0.0	0.0	0.0	0.0	0.0	0.0
0.0	0.0	0.0	0.0	0.0	0.0	2.0	13.0	23.0	91.0	180.0	313.0	540.0	640.0	725.0	837.0	878.0	880.0	901.0	762.0	672.0	597.0	434.0	386.0	288.0	231.0	170.0	115.0	101.0	72.0	60.0	45.0	21.0	12.0	4.0	3.0	3.0	0.0	1.0	0.0	0.0	0.0	0.0	0.0	0.0	0.0	0.0	0.0	0.0	0.0	0.0	0.0	0.0	0.0	0.0	0.0	0.0	0.0	0.0	0.0	0.0	0.0	0.0	0.0	0.0	0.0	0.0	0.0	0.0	0.0	0.0	0.0	0.0	0.0	0.0	0.0	0.0	0.0	0.0	0.0	0.0	0.0	0.0	0.0	0.0	0.0	0.0	0.0	0.0	0.0	0.0	0.0	0.0	0.0	0.0	0.0	0.0	0.0	0.0	0.0	0.0	0.0
0.0	0.0	0.0	0.0	0.0	0.0	1.0	8.0	21.0	56.0	133.0	241.0	318.0	490.0	620.0	742.0	763.0	886.0	868.0	890.0	779.0	692.0	581.0	464.0	373.0	275.0	232.0	191.0	133.0	85.0	65.0	39.0	18.0	8.0	11.0	9.0	3.0	2.0	2.0	1.0	0.0	0.0	0.0	0.0	0.0	0.0	0.0	0.0	0.0	0.0	0.0	0.0	0.0	0.0	0.0	0.0	0.0	0.0	0.0	0.0	0.0	0.0	0.0	0.0	0.0	0.0	0.0	0.0	0.0	0.0	0.0	0.0	0.0	0.0	0.0	0.0	0.0	0.0	0.0	0.0	0.0	0.0	0.0	0.0	0.0	0.0	0.0	0.0	0.0	0.0	0.0	0.0	0.0	0.0	0.0	0.0	0.0	0.0	0.0	0.0	0.0	0.0
0.0	0.0	0.0	0.0	0.0	0.0	0.0	2.0	16.0	46.0	76.0	148.0	231.0	355.0	491.0	591.0	645.0	768.0	764.0	844.0	754.0	712.0	675.0	625.0	496.0	414.0	345.0	287.0	219.0	158.0	108.0	71.0	50.0	38.0	30.0	15.0	10.0	12.0	2.0	2.0	0.0	0.0	0.0	0.0	0.0	0.0	0.0	0.0	0.0	0.0	0.0	0.0	0.0	0.0	0.0	0.0	0.0	0.0	0.0	0.0	0.0	0.0	0.0	0.0	0.0	0.0	0.0	0.0	0.0	0.0	0.0	0.0	0.0	0.0	0.0	0.0	0.0	0.0	0.0	0.0	0.0	0.0	0.0	0.0	0.0	0.0	0.0	0.0	0.0	0.0	0.0	0.0	0.0	0.0	0.0	0.0	0.0	0.0	0.0	0.0	0.0	0.0
0.0	0.0	0.0	0.0	0.0	0.0	0.0	1.0	12.0	18.0	44.0	105.0	166.0	251.0	383.0	474.0	659.0	647.0	688.0	766.0	748.0	767.0	740.0	658.0	588.0	475.0	460.0	344.0	253.0	196.0	149.0	120.0	72.0	65.0	54.0	30.0	19.0	16.0	15.0	5.0	6.0	3.0	0.0	2.0	1.0	0.0	0.0	0.0	0.0	0.0	0.0	0.0	0.0	0.0	0.0	0.0	0.0	0.0	0.0	0.0	0.0	0.0	0.0	0.0	0.0	0.0	0.0	0.0	0.0	0.0	0.0	0.0	0.0	0.0	0.0	0.0	0.0	0.0	0.0	0.0	0.0	0.0	0.0	0.0	0.0	0.0	0.0	0.0	0.0	0.0	0.0	0.0	0.0	0.0	0.0	0.0	0.0	0.0	0.0	0.0	0.0	0.0
0.0	0.0	0.0	0.0	0.0	0.0	0.0	2.0	5.0	20.0	64.0	86.0	154.0	225.0	311.0	415.0	537.0	594.0	740.0	757.0	777.0	766.0	726.0	670.0	563.0	494.0	469.0	372.0	316.0	271.0	180.0	126.0	109.0	75.0	53.0	46.0	27.0	15.0	16.0	8.0	7.0	4.0	0.0	0.0	0.0	0.0	0.0	0.0	0.0	0.0	0.0	0.0	0.0	0.0	0.0	0.0	0.0	0.0	0.0	0.0	0.0	0.0	0.0	0.0	0.0	0.0	0.0	0.0	0.0	0.0	0.0	0.0	0.0	0.0	0.0	0.0	0.0	0.0	0.0	0.0	0.0	0.0	0.0	0.0	0.0	0.0	0.0	0.0	0.0	0.0	0.0	0.0	0.0	0.0	0.0	0.0	0.0	0.0	0.0	0.0	0.0	0.0
0.0	0.0	0.0	0.0	0.0	0.0	0.0	0.0	2.0	9.0	17.0	52.0	107.0	149.0	230.0	327.0	431.0	542.0	631.0	701.0	758.0	719.0	699.0	667.0	631.0	576.0	497.0	461.0	352.0	268.0	234.0	222.0	195.0	131.0	104.0	81.0	68.0	49.0	29.0	15.0	10.0	9.0	8.0	5.0	4.0	5.0	2.0	1.0	2.0	0.0	0.0	0.0	0.0	0.0	0.0	0.0	0.0	0.0	0.0	0.0	0.0	0.0	0.0	0.0	0.0	0.0	0.0	0.0	0.0	0.0	0.0	0.0	0.0	0.0	0.0	0.0	0.0	0.0	0.0	0.0	0.0	0.0	0.0	0.0	0.0	0.0	0.0	0.0	0.0	0.0	0.0	0.0	0.0	0.0	0.0	0.0	0.0	0.0	0.0	0.0	0.0	0.0
0.0	0.0	0.0	0.0	0.0	0.0	0.0	0.0	1.0	5.0	12.0	42.0	65.0	129.0	202.0	247.0	344.0	422.0	508.0	582.0	609.0	658.0	631.0	704.0	655.0	617.0	583.0	456.0	467.0	403.0	289.0	307.0	257.0	199.0	147.0	110.0	88.0	65.0	52.0	33.0	39.0	24.0	14.0	13.0	10.0	4.0	6.0	1.0	0.0	0.0	0.0	0.0	0.0	0.0	0.0	0.0	0.0	0.0	0.0	0.0	0.0	0.0	0.0	0.0	0.0	0.0	0.0	0.0	0.0	0.0	0.0	0.0	0.0	0.0	0.0	0.0	0.0	0.0	0.0	0.0	0.0	0.0	0.0	0.0	0.0	0.0	0.0	0.0	0.0	0.0	0.0	0.0	0.0	0.0	0.0	0.0	0.0	0.0	0.0	0.0	0.0	0.0
0.0	0.0	0.0	0.0	0.0	0.0	0.0	1.0	2.0	3.0	15.0	25.0	65.0	102.0	137.0	225.0	261.0	370.0	383.0	490.0	547.0	598.0	625.0	627.0	687.0	591.0	601.0	547.0	549.0	453.0	404.0	368.0	300.0	249.0	185.0	160.0	116.0	88.0	48.0	40.0	37.0	33.0	23.0	11.0	6.0	12.0	8.0	3.0	0.0	4.0	0.0	0.0	1.0	0.0	0.0	0.0	0.0	0.0	0.0	0.0	0.0	0.0	0.0	0.0	0.0	0.0	0.0	0.0	0.0	0.0	0.0	0.0	0.0	0.0	0.0	0.0	0.0	0.0	0.0	0.0	0.0	0.0	0.0	0.0	0.0	0.0	0.0	0.0	0.0	0.0	0.0	0.0	0.0	0.0	0.0	0.0	0.0	0.0	0.0	0.0	0.0	0.0
0.0	0.0	0.0	0.0	0.0	0.0	0.0	1.0	3.0	2.0	4.0	15.0	34.0	62.0	69.0	132.0	189.0	231.0	289.0	337.0	429.0	462.0	523.0	549.0	608.0	539.0	567.0	479.0	454.0	440.0	433.0	370.0	327.0	309.0	252.0	217.0	188.0	176.0	137.0	111.0	90.0	92.0	62.0	58.0	55.0	47.0	43.0	57.0	51.0	34.0	49.0	65.0	84.0	58.0	54.0	39.0	30.0	14.0	13.0	11.0	12.0	8.0	13.0	2.0	3.0	5.0	3.0	3.0	6.0	1.0	0.0	0.0	0.0	0.0	0.0	0.0	0.0	0.0	0.0	0.0	0.0	0.0	0.0	0.0	0.0	0.0	0.0	0.0	0.0	0.0	0.0	0.0	0.0	0.0	0.0	0.0	0.0	0.0	0.0	0.0	0.0	0.0
0.0	0.0	0.0	0.0	0.0	0.0	0.0	0.0	0.0	0.0	1.0	5.0	19.0	23.0	43.0	81.0	108.0	162.0	240.0	314.0	372.0	394.0	448.0	509.0	573.0	529.0	541.0	553.0	530.0	514.0	438.0	448.0	426.0	335.0	302.0	296.0	250.0	204.0	205.0	159.0	132.0	121.0	103.0	74.0	71.0	83.0	42.0	45.0	41.0	34.0	23.0	22.0	25.0	19.0	28.0	15.0	13.0	16.0	19.0	14.0	11.0	12.0	4.0	5.0	4.0	2.0	0.0	0.0	0.0	0.0	0.0	0.0	0.0	0.0	0.0	0.0	0.0	0.0	0.0	0.0	0.0	0.0	0.0	0.0	0.0	0.0	0.0	0.0	0.0	0.0	0.0	0.0	0.0	0.0	0.0	0.0	0.0	0.0	0.0	0.0	0.0	0.0
0.0	0.0	0.0	0.0	0.0	0.0	0.0	0.0	0.0	0.0	2.0	7.0	20.0	29.0	56.0	83.0	129.0	160.0	201.0	253.0	337.0	393.0	422.0	420.0	476.0	474.0	505.0	453.0	522.0	447.0	469.0	445.0	433.0	384.0	333.0	269.0	260.0	235.0	193.0	143.0	149.0	123.0	96.0	98.0	111.0	93.0	97.0	87.0	73.0	64.0	60.0	47.0	44.0	35.0	38.0	31.0	37.0	39.0	27.0	31.0	18.0	9.0	16.0	6.0	8.0	5.0	1.0	3.0	1.0	0.0	0.0	0.0	0.0	0.0	0.0	0.0	0.0	0.0	0.0	0.0	0.0	0.0	0.0	0.0	0.0	0.0	0.0	0.0	0.0	0.0	0.0	0.0	0.0	0.0	0.0	0.0	0.0	0.0	0.0	0.0	0.0	0.0
0.0	0.0	0.0	0.0	0.0	0.0	0.0	0.0	0.0	0.0	1.0	0.0	9.0	11.0	16.0	27.0	36.0	68.0	80.0	105.0	166.0	211.0	249.0	264.0	297.0	341.0	363.0	407.0	399.0	429.0	410.0	372.0	383.0	366.0	374.0	317.0	326.0	279.0	259.0	236.0	236.0	196.0	196.0	180.0	162.0	156.0	177.0	155.0	155.0	155.0	135.0	118.0	111.0	109.0	89.0	90.0	77.0	101.0	81.0	76.0	60.0	68.0	37.0	53.0	42.0	38.0	16.0	21.0	17.0	22.0	19.0	11.0	13.0	9.0	10.0	4.0	2.0	1.0	1.0	0.0	0.0	0.0	0.0	0.0	0.0	0.0	0.0	0.0	0.0	0.0	0.0	0.0	0.0	0.0	0.0	0.0	0.0	0.0	0.0	0.0	0.0	0.0
0.0	0.0	0.0	0.0	0.0	0.0	0.0	0.0	0.0	0.0	0.0	0.0	1.0	4.0	8.0	10.0	26.0	28.0	40.0	58.0	80.0	116.0	136.0	142.0	165.0	209.0	240.0	250.0	302.0	295.0	330.0	341.0	296.0	340.0	278.0	285.0	232.0	254.0	225.0	212.0	207.0	190.0	207.0	187.0	183.0	191.0	191.0	221.0	190.0	217.0	219.0	231.0	195.0	212.0	199.0	193.0	176.0	180.0	175.0	163.0	120.0	115.0	105.0	85.0	100.0	85.0	48.0	66.0	48.0	51.0	50.0	42.0	35.0	28.0	21.0	32.0	12.0	20.0	16.0	16.0	11.0	15.0	8.0	6.0	3.0	5.0	3.0	4.0	6.0	5.0	3.0	3.0	2.0	1.0	0.0	0.0	0.0	0.0	0.0	0.0	0.0	0.0
0.0	0.0	0.0	0.0	0.0	0.0	0.0	0.0	0.0	2.0	0.0	2.0	3.0	1.0	5.0	7.0	14.0	12.0	20.0	38.0	48.0	76.0	84.0	106.0	135.0	136.0	174.0	216.0	239.0	234.0	230.0	264.0	257.0	254.0	249.0	199.0	221.0	216.0	253.0	222.0	234.0	217.0	231.0	193.0	235.0	245.0	243.0	243.0	259.0	272.0	241.0	198.0	215.0	231.0	238.0	257.0	201.0	175.0	202.0	175.0	167.0	182.0	148.0	156.0	135.0	121.0	97.0	95.0	92.0	68.0	68.0	43.0	49.0	30.0	20.0	23.0	14.0	10.0	16.0	8.0	7.0	3.0	8.0	4.0	3.0	4.0	2.0	1.0	0.0	1.0	1.0	0.0	0.0	1.0	0.0	1.0	0.0	0.0	0.0	0.0	0.0	0.0
0.0	0.0	0.0	0.0	0.0	0.0	0.0	0.0	0.0	0.0	0.0	0.0	1.0	1.0	1.0	8.0	11.0	15.0	27.0	49.0	62.0	83.0	101.0	108.0	153.0	169.0	183.0	217.0	199.0	248.0	237.0	240.0	260.0	270.0	275.0	286.0	248.0	262.0	276.0	239.0	251.0	220.0	249.0	223.0	234.0	245.0	205.0	183.0	223.0	215.0	217.0	190.0	201.0	202.0	204.0	181.0	203.0	185.0	187.0	161.0	166.0	165.0	129.0	118.0	103.0	117.0	91.0	87.0	97.0	60.0	68.0	64.0	44.0	40.0	23.0	38.0	31.0	21.0	26.0	17.0	10.0	21.0	14.0	11.0	6.0	8.0	3.0	2.0	2.0	4.0	2.0	1.0	0.0	1.0	1.0	0.0	0.0	0.0	1.0	0.0	0.0	0.0
0.0	0.0	0.0	0.0	0.0	0.0	0.0	0.0	0.0	0.0	0.0	0.0	1.0	0.0	0.0	1.0	4.0	7.0	10.0	15.0	21.0	29.0	40.0	71.0	88.0	79.0	113.0	108.0	142.0	155.0	171.0	184.0	194.0	172.0	220.0	209.0	210.0	217.0	210.0	205.0	207.0	224.0	244.0	219.0	210.0	216.0	216.0	184.0	178.0	218.0	214.0	234.0	223.0	260.0	241.0	229.0	253.0	259.0	216.0	212.0	227.0	216.0	182.0	210.0	188.0	168.0	174.0	139.0	132.0	144.0	115.0	120.0	115.0	87.0	85.0	70.0	63.0	60.0	52.0	31.0	23.0	21.0	9.0	16.0	6.0	6.0	5.0	0.0	1.0	2.0	0.0	0.0	0.0	0.0	0.0	0.0	0.0	0.0	0.0	0.0	0.0	0.0
0.0	0.0	0.0	0.0	0.0	0.0	0.0	0.0	0.0	0.0	0.0	0.0	0.0	0.0	0.0	0.0	0.0	2.0	0.0	7.0	7.0	6.0	7.0	10.0	17.0	39.0	31.0	42.0	60.0	75.0	74.0	80.0	94.0	96.0	91.0	117.0	119.0	103.0	141.0	149.0	132.0	169.0	177.0	187.0	181.0	189.0	183.0	197.0	247.0	220.0	223.0	244.0	223.0	237.0	244.0	240.0	290.0	272.0	290.0	246.0	289.0	289.0	274.0	246.0	220.0	262.0	236.0	221.0	189.0	207.0	167.0	171.0	149.0	126.0	116.0	134.0	116.0	97.0	96.0	90.0	74.0	68.0	63.0	44.0	44.0	40.0	26.0	38.0	26.0	30.0	19.0	22.0	10.0	6.0	17.0	9.0	5.0	1.0	4.0	0.0	0.0	1.0
0.0	0.0	0.0	0.0	0.0	0.0	0.0	0.0	0.0	0.0	0.0	0.0	0.0	0.0	0.0	0.0	0.0	2.0	2.0	6.0	4.0	7.0	7.0	6.0	13.0	8.0	11.0	20.0	30.0	21.0	31.0	36.0	41.0	53.0	70.0	62.0	80.0	90.0	64.0	76.0	99.0	79.0	115.0	103.0	97.0	123.0	138.0	135.0	176.0	180.0	176.0	217.0	176.0	238.0	238.0	238.0	284.0	272.0	272.0	276.0	306.0	288.0	309.0	310.0	291.0	281.0	268.0	276.0	245.0	263.0	244.0	206.0	194.0	185.0	200.0	199.0	156.0	154.0	119.0	116.0	113.0	123.0	92.0	107.0	77.0	70.0	71.0	47.0	63.0	30.0	34.0	33.0	31.0	27.0	21.0	15.0	18.0	16.0	6.0	6.0	6.0	12.0
0.0	0.0	0.0	0.0	0.0	0.0	0.0	0.0	0.0	0.0	0.0	0.0	0.0	0.0	0.0	0.0	0.0	0.0	0.0	0.0	0.0	0.0	0.0	0.0	0.0	0.0	0.0	0.0	3.0	0.0	3.0	0.0	3.0	3.0	3.0	2.0	1.0	3.0	8.0	6.0	15.0	16.0	23.0	28.0	25.0	35.0	53.0	62.0	62.0	61.0	89.0	125.0	141.0	150.0	182.0	231.0	254.0	238.0	256.0	301.0	290.0	342.0	375.0	365.0	380.0	346.0	372.0	357.0	361.0	333.0	317.0	321.0	297.0	307.0	271.0	300.0	267.0	255.0	247.0	190.0	187.0	173.0	148.0	139.0	89.0	88.0	96.0	78.0	68.0	50.0	49.0	29.0	28.0	17.0	9.0	17.0	14.0	10.0	5.0	5.0	2.0	24.0
0.0	0.0	0.0	0.0	0.0	0.0	0.0	0.0	0.0	0.0	0.0	0.0	0.0	0.0	0.0	0.0	1.0	0.0	0.0	1.0	1.0	2.0	5.0	2.0	7.0	7.0	12.0	14.0	7.0	16.0	13.0	22.0	14.0	22.0	26.0	30.0	29.0	22.0	28.0	33.0	24.0	40.0	38.0	40.0	55.0	53.0	71.0	60.0	49.0	67.0	67.0	68.0	88.0	97.0	98.0	127.0	99.0	115.0	126.0	160.0	163.0	163.0	190.0	218.0	237.0	259.0	290.0	304.0	256.0	320.0	358.0	322.0	296.0	284.0	296.0	267.0	294.0	271.0	301.0	257.0	249.0	255.0	228.0	201.0	213.0	190.0	171.0	142.0	126.0	135.0	122.0	111.0	74.0	72.0	69.0	68.0	54.0	51.0	43.0	34.0	38.0	152.0
0.0	0.0	0.0	0.0	0.0	0.0	0.0	0.0	0.0	0.0	0.0	0.0	0.0	0.0	0.0	0.0	0.0	0.0	0.0	0.0	0.0	0.0	0.0	0.0	0.0	0.0	0.0	0.0	0.0	2.0	0.0	1.0	3.0	2.0	9.0	6.0	11.0	10.0	20.0	23.0	17.0	22.0	33.0	25.0	35.0	34.0	47.0	57.0	50.0	67.0	80.0	74.0	81.0	86.0	102.0	117.0	151.0	149.0	173.0	156.0	199.0	177.0	182.0	209.0	204.0	243.0	256.0	231.0	244.0	312.0	321.0	304.0	312.0	341.0	329.0	287.0	327.0	288.0	252.0	302.0	315.0	288.0	237.0	235.0	223.0	224.0	194.0	188.0	146.0	134.0	122.0	103.0	105.0	85.0	82.0	56.0	57.0	55.0	46.0	34.0	30.0	78.0
0.0	0.0	0.0	0.0	0.0	0.0	0.0	0.0	0.0	0.0	0.0	0.0	0.0	0.0	0.0	0.0	0.0	0.0	0.0	0.0	0.0	0.0	0.0	2.0	0.0	2.0	1.0	1.0	5.0	6.0	3.0	9.0	10.0	17.0	19.0	14.0	26.0	23.0	27.0	28.0	37.0	43.0	49.0	53.0	79.0	83.0	82.0	94.0	92.0	87.0	95.0	100.0	104.0	127.0	90.0	141.0	125.0	141.0	186.0	178.0	178.0	211.0	198.0	209.0	263.0	250.0	287.0	238.0	285.0	269.0	301.0	292.0	260.0	313.0	307.0	310.0	283.0	270.0	269.0	267.0	222.0	214.0	214.0	188.0	178.0	148.0	150.0	129.0	119.0	105.0	102.0	86.0	87.0	64.0	60.0	66.0	49.0	53.0	41.0	43.0	32.0	211.0
0.0	0.0	0.0	0.0	0.0	0.0	0.0	0.0	0.0	0.0	0.0	0.0	0.0	0.0	0.0	0.0	0.0	0.0	0.0	0.0	0.0	0.0	1.0	0.0	0.0	0.0	0.0	1.0	0.0	1.0	1.0	1.0	2.0	1.0	1.0	3.0	4.0	3.0	6.0	2.0	13.0	4.0	14.0	13.0	11.0	12.0	23.0	24.0	27.0	30.0	42.0	41.0	58.0	60.0	56.0	73.0	78.0	78.0	89.0	99.0	111.0	137.0	114.0	155.0	167.0	185.0	220.0	223.0	219.0	234.0	258.0	272.0	289.0	319.0	340.0	355.0	362.0	329.0	350.0	354.0	333.0	357.0	312.0	307.0	271.0	247.0	227.0	215.0	178.0	217.0	170.0	123.0	132.0	114.0	88.0	101.0	72.0	84.0	70.0	64.0	27.0	426.0
