Config #    Energy                 Similarity Score    Most similar to (Config #; rCut)
1           -37.988522019364005    1.0                  Dict(26 => [1.333, 1.407])
2           -37.629446911311035    1.0                  Dict(4 => [1.333, 1.407, 1.481, 1.556], 6 => [1.333, 1.407, 1.481, 1.556], 20 => [1.333, 1.407, 1.481, 1.556], 25 => [1.333, 1.407, 1.481, 1.556], 10 => [1.333, 1.407, 1.481, 1.556], 18 => [1.333, 1.407, 1.481, 1.556], 9 => [1.333, 1.407, 1.481, 1.556], 12 => [1.333, 1.407, 1.481, 1.556], 17 => [1.333, 1.407, 1.481, 1.556])
3           -37.599095439721296    1.0                  Dict(5 => [1.333, 1.407, 1.481, 1.556, 1.704, 1.778, 1.852, 1.926], 13 => [1.333, 1.407, 1.481, 1.556], 8 => [1.333, 1.407, 1.481, 1.556])
4           -37.74423150564498     1.0                  Dict(6 => [1.333, 1.407, 1.481, 1.556], 20 => [1.333, 1.407, 1.481, 1.556], 2 => [1.333, 1.407, 1.481, 1.556], 10 => [1.333, 1.407, 1.481, 1.556], 18 => [1.333, 1.407, 1.481, 1.556], 9 => [1.333, 1.407, 1.481, 1.556], 12 => [1.333, 1.407, 1.481, 1.556], 25 => [1.333, 1.407, 1.481, 1.556], 17 => [1.333, 1.407, 1.481, 1.556])
5           -37.5782175658877      1.0                  Dict(13 => [1.333, 1.407, 1.481, 1.556], 8 => [1.333, 1.407, 1.481, 1.556], 3 => [1.333, 1.407, 1.481, 1.556, 1.704, 1.778, 1.852, 1.926])
6           -37.71689793399637     1.0                  Dict(4 => [1.333, 1.407, 1.481, 1.556], 20 => [1.333, 1.407, 1.481, 1.556], 2 => [1.333, 1.407, 1.481, 1.556], 10 => [1.333, 1.407, 1.481, 1.556], 18 => [1.333, 1.407, 1.481, 1.556], 9 => [1.333, 1.407, 1.481, 1.556], 12 => [1.333, 1.407, 1.481, 1.556], 25 => [1.333, 1.407, 1.481, 1.556, 1.63, 1.704, 1.778, 1.852, 1.926, 2.0], 17 => [1.333, 1.407, 1.481, 1.556, 1.63, 1.704, 1.778, 1.852, 1.926, 2.0])
7           -37.50328258065716     1.0                  Dict(14 => [1.333, 1.407, 1.481, 1.556, 1.63, 1.704, 1.778, 1.852, 1.926, 2.0])
8           -37.52043252847236     1.0                  Dict(5 => [1.333, 1.407, 1.481, 1.556], 13 => [1.333, 1.407, 1.481, 1.556], 3 => [1.333, 1.407, 1.481, 1.556])
9           -37.706030496004765    1.0                  Dict(4 => [1.333, 1.407, 1.481, 1.556], 6 => [1.333, 1.407, 1.481, 1.556], 20 => [1.333, 1.407, 1.481, 1.556], 2 => [1.333, 1.407, 1.481, 1.556], 10 => [1.333, 1.407, 1.481, 1.556], 18 => [1.333, 1.407, 1.481, 1.556], 25 => [1.333, 1.407, 1.481, 1.556], 12 => [1.333, 1.407, 1.481, 1.556], 17 => [1.333, 1.407, 1.481, 1.556])
10          -37.66087018736698     1.0                  Dict(4 => [1.333, 1.407, 1.481, 1.556], 6 => [1.333, 1.407, 1.481, 1.556], 20 => [1.333, 1.407, 1.481, 1.556], 2 => [1.333, 1.407, 1.481, 1.556], 25 => [1.333, 1.407, 1.481, 1.556], 18 => [1.333, 1.407, 1.481, 1.556], 9 => [1.333, 1.407, 1.481, 1.556], 12 => [1.333, 1.407, 1.481, 1.556], 17 => [1.333, 1.407, 1.481, 1.556])
11          -37.723268585038376    1.0                  Dict(29 => [1.333, 1.407, 1.481, 1.556])
12          -37.643189531489554    1.0                  Dict(4 => [1.333, 1.407, 1.481, 1.556], 6 => [1.333, 1.407, 1.481, 1.556], 20 => [1.333, 1.407, 1.481, 1.556], 2 => [1.333, 1.407, 1.481, 1.556], 10 => [1.333, 1.407, 1.481, 1.556], 18 => [1.333, 1.407, 1.481, 1.556], 9 => [1.333, 1.407, 1.481, 1.556], 25 => [1.333, 1.407, 1.481, 1.556], 17 => [1.333, 1.407, 1.481, 1.556])
13          -37.658754386693175    1.0                  Dict(5 => [1.333, 1.407, 1.481, 1.556], 8 => [1.333, 1.407, 1.481, 1.556], 3 => [1.333, 1.407, 1.481, 1.556])
14          -37.50328258065715     1.0                  Dict(7 => [1.333, 1.407, 1.481, 1.556, 1.63, 1.704, 1.778, 1.852, 1.926, 2.0])
15          -38.40605174999396     1.0                  Dict(21 => [2.0])
17          -37.71689793399638     1.0                  Dict(4 => [1.333, 1.407, 1.481, 1.556], 6 => [1.333, 1.407, 1.481, 1.556, 1.63, 1.704, 1.778, 1.852, 1.926, 2.0], 20 => [1.333, 1.407, 1.481, 1.556], 2 => [1.333, 1.407, 1.481, 1.556], 10 => [1.333, 1.407, 1.481, 1.556], 18 => [1.333, 1.407, 1.481, 1.556], 9 => [1.333, 1.407, 1.481, 1.556], 12 => [1.333, 1.407, 1.481, 1.556], 25 => [1.333, 1.407, 1.481, 1.556, 1.63, 1.704, 1.778, 1.852, 1.926, 2.0])
18          -37.821164551707305    1.0                  Dict(4 => [1.333, 1.407, 1.481, 1.556], 6 => [1.333, 1.407, 1.481, 1.556], 20 => [1.333, 1.407, 1.481, 1.556], 2 => [1.333, 1.407, 1.481, 1.556], 10 => [1.333, 1.407, 1.481, 1.556], 25 => [1.333, 1.407, 1.481, 1.556], 9 => [1.333, 1.407, 1.481, 1.556], 12 => [1.333, 1.407, 1.481, 1.556], 17 => [1.333, 1.407, 1.481, 1.556])
20          -37.564623585410146    1.0                  Dict(4 => [1.333, 1.407, 1.481, 1.556], 6 => [1.333, 1.407, 1.481, 1.556], 2 => [1.333, 1.407, 1.481, 1.556], 10 => [1.333, 1.407, 1.481, 1.556], 18 => [1.333, 1.407, 1.481, 1.556], 9 => [1.333, 1.407, 1.481, 1.556], 12 => [1.333, 1.407, 1.481, 1.556], 25 => [1.333, 1.407, 1.481, 1.556], 17 => [1.333, 1.407, 1.481, 1.556])
21          -38.2842559707634      1.0                  Dict(15 => [2.0])
23          -38.407716635655646    1.0                  Dict(27 => [1.333, 1.407, 1.481, 1.556, 1.63, 1.704, 1.778, 1.852, 1.926, 2.0])
25          -37.71689793399637     1.0                  Dict(4 => [1.333, 1.407, 1.481, 1.556], 6 => [1.333, 1.407, 1.481, 1.556, 1.63, 1.704, 1.778, 1.852, 1.926, 2.0], 20 => [1.333, 1.407, 1.481, 1.556], 2 => [1.333, 1.407, 1.481, 1.556], 10 => [1.333, 1.407, 1.481, 1.556], 18 => [1.333, 1.407, 1.481, 1.556], 9 => [1.333, 1.407, 1.481, 1.556], 12 => [1.333, 1.407, 1.481, 1.556], 17 => [1.333, 1.407, 1.481, 1.556, 1.63, 1.704, 1.778, 1.852, 1.926, 2.0])
26          -38.158516815923704    1.0                  Dict(1 => [1.333, 1.407])
27          -38.40771663565564     1.0                  Dict(23 => [1.333, 1.407, 1.481, 1.556, 1.63, 1.704, 1.778, 1.852, 1.926, 2.0])
29          -37.70492261147633     1.0                  Dict(11 => [1.333, 1.407, 1.481, 1.556])
22          -37.55543601956658     0.919                Dict(30 => [1.333, 1.407, 1.481, 1.556])
30          -38.42173239478512     0.919                Dict(22 => [1.333, 1.407, 1.481, 1.556])
16          -38.36089804821316     0.897                Dict(26 => [1.333, 1.407], 1 => [1.333, 1.407])
24          -38.10314379729535     0.829                Dict(27 => [1.407], 23 => [1.407])
19          -37.53414636037778     0.825                Dict(16 => [1.333, 1.407])
28          -38.02269256059339     0.818                Dict(24 => [1.481])
