13
SphericalBC{Float64} r2: 101.06969058367278 0.3138428376721002 0.1 1.0 10971 0
1  4.959453785937904 3.5250104651112797 0.7544394714015772 
1  3.4496929334930515 -3.4412093721775414 1.25890908160968 
1  4.284328806737024 -0.439320711399072 -3.8975964772541327 
1  1.3484441403917484 5.331708684960746 -4.079392578773741 
1  1.5777050951660319 1.0339546353126239 5.124556765994046 
1  -0.4581638741246538 5.561479601836641 1.6106551715771185 
1  -5.868926466361388 -1.006943747880964 -1.3632921241023555 
1  -0.09276405200646592 -4.302345613761331 -3.369291074294879 
1  -2.2428255036272224 -3.076086538624524 3.061144104345235 
1  -1.9121180453545523 0.8169539854770191 -5.711178095570204 
1  -4.449474045752698 4.8091501656816265 -2.299482940675224 
1  -4.065958268547676 2.2454668901592267 3.6700923015053966 
1  -0.06681036766544526 0.7015436083196719 -0.37152636691130136 
