13
SphericalBC{Float64} r2: 101.06969058367278 0.3138428376721002 0.1 1.0 11481 0
1  5.633806325052925 2.263411448937491 0.9906703878741365 
1  4.699119972523986 -3.5528047957360798 0.3754579145836324 
1  5.024101516823128 -0.6022231433787055 -4.297255111151582 
1  1.4915523176450245 4.906665326310483 -3.103219718761392 
1  2.538126753773569 -0.3356583080716771 5.043862647603672 
1  -0.8307880781855419 4.603194740612651 5.338901448352001 
1  -5.9585488287472606 -0.8672214310095823 -2.06254740050542 
1  -0.33276536409503654 -4.743773878499108 -2.5899418573263393 
1  -0.6841976673280936 -5.294981336966125 3.3489907116552686 
1  -0.381173515424884 0.263419753021936 -5.24027622457863 
1  -3.9357216263398356 4.493898168925076 -0.8513881501441064 
1  -4.167299331740103 0.533039018086574 3.515647435321069 
1  0.24550039261375053 0.6160083917245669 0.05005913281203321 
