13
SphericalBC{Float64} r2: 101.06969058367278 0.3138428376721002 0.1 1.0 11241 0
1  5.022416021272414 1.3654737236153627 0.14347199754709727 
1  3.5860803912291863 -4.628640490234749 -0.10976945051401858 
1  3.052004583860494 -1.6723893433068708 -4.914195721653874 
1  0.8489705909085608 3.7562847616516937 -3.6652003192387106 
1  3.2537494057911243 -0.7844163797007928 5.520438920371619 
1  1.4653009192478483 5.205515642924686 2.3693802212586186 
1  -5.905532524113031 -2.359535883180077 -0.3000929612801889 
1  -1.2480662228105437 -5.438835329087377 -3.92512022897335 
1  -2.024154395429015 -4.946632824149334 3.0477013897603467 
1  -3.1171024247303785 0.2494604237306346 -4.932760617230982 
1  -3.9232243480234286 3.3693873890643764 -0.06181642898810128 
1  -2.008946637620572 1.1326395400648732 6.079085702000479 
1  -0.2594172269267988 -0.6774339195113785 0.2430866317347979 
