-0.005649961808636134 
Dict("(3,2,2)" => 30, "(5,5,5)" => 12) 
42 
([1, 2], "(3,2,2)") 
([1, 4], "(3,2,2)") 
([1, 5], "(5,5,5)") 
([1, 10], "(3,2,2)") 
([1, 12], "(3,2,2)") 
([1, 13], "(3,2,2)") 
([2, 3], "(3,2,2)") 
([2, 4], "(3,2,2)") 
([2, 5], "(5,5,5)") 
([2, 8], "(3,2,2)") 
([2, 12], "(3,2,2)") 
([3, 5], "(5,5,5)") 
([3, 7], "(3,2,2)") 
([3, 8], "(3,2,2)") 
([3, 11], "(3,2,2)") 
([3, 12], "(3,2,2)") 
([4, 5], "(5,5,5)") 
([4, 6], "(3,2,2)") 
([4, 8], "(3,2,2)") 
([4, 10], "(3,2,2)") 
([5, 6], "(5,5,5)") 
([5, 7], "(5,5,5)") 
([5, 8], "(5,5,5)") 
([5, 9], "(5,5,5)") 
([5, 10], "(5,5,5)") 
([5, 11], "(5,5,5)") 
([5, 12], "(5,5,5)") 
([5, 13], "(5,5,5)") 
([6, 7], "(3,2,2)") 
([6, 8], "(3,2,2)") 
([6, 9], "(3,2,2)") 
([6, 10], "(3,2,2)") 
([7, 8], "(3,2,2)") 
([7, 9], "(3,2,2)") 
([7, 11], "(3,2,2)") 
([9, 10], "(3,2,2)") 
([9, 11], "(3,2,2)") 
([9, 13], "(3,2,2)") 
([10, 13], "(3,2,2)") 
([11, 12], "(3,2,2)") 
([11, 13], "(3,2,2)") 
([12, 13], "(3,2,2)") 
-0.005649961808688208 
Dict("(3,2,2)" => 30, "(5,5,5)" => 12) 
42 
([1, 4], "(3,2,2)") 
([1, 5], "(3,2,2)") 
([1, 7], "(5,5,5)") 
([1, 8], "(3,2,2)") 
([1, 11], "(3,2,2)") 
([1, 13], "(3,2,2)") 
([2, 4], "(3,2,2)") 
([2, 6], "(3,2,2)") 
([2, 7], "(5,5,5)") 
([2, 9], "(3,2,2)") 
([2, 11], "(3,2,2)") 
([2, 12], "(3,2,2)") 
([3, 6], "(3,2,2)") 
([3, 7], "(5,5,5)") 
([3, 8], "(3,2,2)") 
([3, 9], "(3,2,2)") 
([3, 10], "(3,2,2)") 
([3, 13], "(3,2,2)") 
([4, 5], "(3,2,2)") 
([4, 7], "(5,5,5)") 
([4, 11], "(3,2,2)") 
([4, 12], "(3,2,2)") 
([5, 7], "(5,5,5)") 
([5, 8], "(3,2,2)") 
([5, 10], "(3,2,2)") 
([5, 12], "(3,2,2)") 
([6, 7], "(5,5,5)") 
([6, 9], "(3,2,2)") 
([6, 11], "(3,2,2)") 
([6, 13], "(3,2,2)") 
([7, 8], "(5,5,5)") 
([7, 9], "(5,5,5)") 
([7, 10], "(5,5,5)") 
([7, 11], "(5,5,5)") 
([7, 12], "(5,5,5)") 
([7, 13], "(5,5,5)") 
([8, 10], "(3,2,2)") 
([8, 13], "(3,2,2)") 
([9, 10], "(3,2,2)") 
([9, 12], "(3,2,2)") 
([10, 12], "(3,2,2)") 
([11, 13], "(3,2,2)") 
-0.005649961808674738 
Dict("(3,2,2)" => 30, "(5,5,5)" => 12) 
42 
([1, 2], "(3,2,2)") 
([1, 3], "(3,2,2)") 
([1, 4], "(5,5,5)") 
([1, 8], "(3,2,2)") 
([1, 12], "(3,2,2)") 
([1, 13], "(3,2,2)") 
([2, 4], "(5,5,5)") 
([2, 5], "(3,2,2)") 
([2, 7], "(3,2,2)") 
([2, 8], "(3,2,2)") 
([2, 13], "(3,2,2)") 
([3, 4], "(5,5,5)") 
([3, 6], "(3,2,2)") 
([3, 8], "(3,2,2)") 
([3, 9], "(3,2,2)") 
([3, 12], "(3,2,2)") 
([4, 5], "(5,5,5)") 
([4, 6], "(5,5,5)") 
([4, 7], "(5,5,5)") 
([4, 8], "(5,5,5)") 
([4, 9], "(5,5,5)") 
([4, 10], "(5,5,5)") 
([4, 11], "(5,5,5)") 
([4, 12], "(5,5,5)") 
([4, 13], "(5,5,5)") 
([5, 7], "(3,2,2)") 
([5, 10], "(3,2,2)") 
([5, 11], "(3,2,2)") 
([5, 13], "(3,2,2)") 
([6, 7], "(3,2,2)") 
([6, 8], "(3,2,2)") 
([6, 9], "(3,2,2)") 
([6, 10], "(3,2,2)") 
([7, 8], "(3,2,2)") 
([7, 10], "(3,2,2)") 
([9, 10], "(3,2,2)") 
([9, 11], "(3,2,2)") 
([9, 12], "(3,2,2)") 
([10, 11], "(3,2,2)") 
([11, 12], "(3,2,2)") 
([11, 13], "(3,2,2)") 
([12, 13], "(3,2,2)") 
-0.00564996180858735 
Dict("(3,2,2)" => 30, "(5,5,5)" => 12) 
42 
([1, 2], "(5,5,5)") 
([1, 3], "(5,5,5)") 
([1, 4], "(5,5,5)") 
([1, 5], "(5,5,5)") 
([1, 6], "(5,5,5)") 
([1, 7], "(5,5,5)") 
([1, 8], "(5,5,5)") 
([1, 9], "(5,5,5)") 
([1, 10], "(5,5,5)") 
([1, 11], "(5,5,5)") 
([1, 12], "(5,5,5)") 
([1, 13], "(5,5,5)") 
([2, 6], "(3,2,2)") 
([2, 8], "(3,2,2)") 
([2, 11], "(3,2,2)") 
([2, 12], "(3,2,2)") 
([2, 13], "(3,2,2)") 
([3, 5], "(3,2,2)") 
([3, 7], "(3,2,2)") 
([3, 10], "(3,2,2)") 
([3, 11], "(3,2,2)") 
([3, 13], "(3,2,2)") 
([4, 6], "(3,2,2)") 
([4, 7], "(3,2,2)") 
([4, 9], "(3,2,2)") 
([4, 10], "(3,2,2)") 
([4, 12], "(3,2,2)") 
([5, 7], "(3,2,2)") 
([5, 8], "(3,2,2)") 
([5, 9], "(3,2,2)") 
([5, 13], "(3,2,2)") 
([6, 8], "(3,2,2)") 
([6, 9], "(3,2,2)") 
([6, 12], "(3,2,2)") 
([7, 9], "(3,2,2)") 
([7, 10], "(3,2,2)") 
([8, 9], "(3,2,2)") 
([8, 13], "(3,2,2)") 
([10, 11], "(3,2,2)") 
([10, 12], "(3,2,2)") 
([11, 12], "(3,2,2)") 
([11, 13], "(3,2,2)") 
-0.005649961808498517 
Dict("(3,2,2)" => 30, "(5,5,5)" => 12) 
42 
([1, 2], "(3,2,2)") 
([1, 7], "(3,2,2)") 
([1, 8], "(5,5,5)") 
([1, 9], "(3,2,2)") 
([1, 10], "(3,2,2)") 
([1, 11], "(3,2,2)") 
([2, 4], "(3,2,2)") 
([2, 8], "(5,5,5)") 
([2, 9], "(3,2,2)") 
([2, 11], "(3,2,2)") 
([2, 12], "(3,2,2)") 
([3, 5], "(3,2,2)") 
([3, 6], "(3,2,2)") 
([3, 7], "(3,2,2)") 
([3, 8], "(5,5,5)") 
([3, 10], "(3,2,2)") 
([3, 13], "(3,2,2)") 
([4, 5], "(3,2,2)") 
([4, 6], "(3,2,2)") 
([4, 8], "(5,5,5)") 
([4, 11], "(3,2,2)") 
([4, 12], "(3,2,2)") 
([5, 6], "(3,2,2)") 
([5, 8], "(5,5,5)") 
([5, 12], "(3,2,2)") 
([5, 13], "(3,2,2)") 
([6, 7], "(3,2,2)") 
([6, 8], "(5,5,5)") 
([6, 11], "(3,2,2)") 
([7, 8], "(5,5,5)") 
([7, 10], "(3,2,2)") 
([7, 11], "(3,2,2)") 
([8, 9], "(5,5,5)") 
([8, 10], "(5,5,5)") 
([8, 11], "(5,5,5)") 
([8, 12], "(5,5,5)") 
([8, 13], "(5,5,5)") 
([9, 10], "(3,2,2)") 
([9, 12], "(3,2,2)") 
([9, 13], "(3,2,2)") 
([10, 13], "(3,2,2)") 
([12, 13], "(3,2,2)") 
-0.00564996180867858 
Dict("(3,2,2)" => 30, "(5,5,5)" => 12) 
42 
([1, 2], "(5,5,5)") 
([1, 3], "(5,5,5)") 
([1, 4], "(5,5,5)") 
([1, 5], "(5,5,5)") 
([1, 6], "(5,5,5)") 
([1, 7], "(5,5,5)") 
([1, 8], "(5,5,5)") 
([1, 9], "(5,5,5)") 
([1, 10], "(5,5,5)") 
([1, 11], "(5,5,5)") 
([1, 12], "(5,5,5)") 
([1, 13], "(5,5,5)") 
([2, 4], "(3,2,2)") 
([2, 7], "(3,2,2)") 
([2, 9], "(3,2,2)") 
([2, 11], "(3,2,2)") 
([2, 12], "(3,2,2)") 
([3, 4], "(3,2,2)") 
([3, 5], "(3,2,2)") 
([3, 10], "(3,2,2)") 
([3, 11], "(3,2,2)") 
([3, 13], "(3,2,2)") 
([4, 5], "(3,2,2)") 
([4, 7], "(3,2,2)") 
([4, 11], "(3,2,2)") 
([5, 7], "(3,2,2)") 
([5, 8], "(3,2,2)") 
([5, 13], "(3,2,2)") 
([6, 8], "(3,2,2)") 
([6, 9], "(3,2,2)") 
([6, 10], "(3,2,2)") 
([6, 12], "(3,2,2)") 
([6, 13], "(3,2,2)") 
([7, 8], "(3,2,2)") 
([7, 9], "(3,2,2)") 
([8, 9], "(3,2,2)") 
([8, 13], "(3,2,2)") 
([9, 12], "(3,2,2)") 
([10, 11], "(3,2,2)") 
([10, 12], "(3,2,2)") 
([10, 13], "(3,2,2)") 
([11, 12], "(3,2,2)") 
-0.005649961808624668 
Dict("(3,2,2)" => 30, "(5,5,5)" => 12) 
42 
([1, 3], "(5,5,5)") 
([1, 4], "(3,2,2)") 
([1, 6], "(3,2,2)") 
([1, 10], "(3,2,2)") 
([1, 11], "(3,2,2)") 
([1, 13], "(3,2,2)") 
([2, 3], "(5,5,5)") 
([2, 4], "(3,2,2)") 
([2, 5], "(3,2,2)") 
([2, 9], "(3,2,2)") 
([2, 10], "(3,2,2)") 
([2, 12], "(3,2,2)") 
([3, 4], "(5,5,5)") 
([3, 5], "(5,5,5)") 
([3, 6], "(5,5,5)") 
([3, 7], "(5,5,5)") 
([3, 8], "(5,5,5)") 
([3, 9], "(5,5,5)") 
([3, 10], "(5,5,5)") 
([3, 11], "(5,5,5)") 
([3, 12], "(5,5,5)") 
([3, 13], "(5,5,5)") 
([4, 6], "(3,2,2)") 
([4, 10], "(3,2,2)") 
([4, 12], "(3,2,2)") 
([5, 7], "(3,2,2)") 
([5, 8], "(3,2,2)") 
([5, 9], "(3,2,2)") 
([5, 12], "(3,2,2)") 
([6, 7], "(3,2,2)") 
([6, 12], "(3,2,2)") 
([6, 13], "(3,2,2)") 
([7, 8], "(3,2,2)") 
([7, 12], "(3,2,2)") 
([7, 13], "(3,2,2)") 
([8, 9], "(3,2,2)") 
([8, 11], "(3,2,2)") 
([8, 13], "(3,2,2)") 
([9, 10], "(3,2,2)") 
([9, 11], "(3,2,2)") 
([10, 11], "(3,2,2)") 
([11, 13], "(3,2,2)") 
-0.005282938085963222 
Dict("(2,1,1)" => 8, "(3,2,2)" => 17, "(5,5,5)" => 6, "(4,3,3)" => 8) 
39 
([1, 5], "(3,2,2)") 
([1, 6], "(3,2,2)") 
([1, 8], "(3,2,2)") 
([1, 10], "(3,2,2)") 
([1, 12], "(3,2,2)") 
([1, 13], "(5,5,5)") 
([2, 5], "(2,1,1)") 
([2, 9], "(2,1,1)") 
([2, 10], "(2,1,1)") 
([3, 4], "(2,1,1)") 
([3, 6], "(2,1,1)") 
([3, 9], "(3,2,2)") 
([3, 10], "(3,2,2)") 
([3, 13], "(4,3,3)") 
([4, 7], "(3,2,2)") 
([4, 9], "(3,2,2)") 
([4, 11], "(2,1,1)") 
([4, 13], "(4,3,3)") 
([5, 7], "(3,2,2)") 
([5, 8], "(3,2,2)") 
([5, 9], "(4,3,3)") 
([5, 10], "(4,3,3)") 
([5, 13], "(5,5,5)") 
([6, 10], "(3,2,2)") 
([6, 12], "(2,1,1)") 
([6, 13], "(4,3,3)") 
([7, 8], "(3,2,2)") 
([7, 9], "(3,2,2)") 
([7, 11], "(3,2,2)") 
([7, 13], "(5,5,5)") 
([8, 11], "(3,2,2)") 
([8, 12], "(3,2,2)") 
([8, 13], "(5,5,5)") 
([9, 10], "(4,3,3)") 
([9, 13], "(5,5,5)") 
([10, 13], "(5,5,5)") 
([11, 12], "(2,1,1)") 
([11, 13], "(4,3,3)") 
([12, 13], "(4,3,3)") 
-0.0056499618087227236 
Dict("(3,2,2)" => 30, "(5,5,5)" => 12) 
42 
([1, 2], "(3,2,2)") 
([1, 3], "(3,2,2)") 
([1, 4], "(3,2,2)") 
([1, 5], "(5,5,5)") 
([1, 6], "(3,2,2)") 
([1, 11], "(3,2,2)") 
([2, 3], "(3,2,2)") 
([2, 5], "(5,5,5)") 
([2, 8], "(3,2,2)") 
([2, 11], "(3,2,2)") 
([2, 13], "(3,2,2)") 
([3, 4], "(3,2,2)") 
([3, 5], "(5,5,5)") 
([3, 12], "(3,2,2)") 
([3, 13], "(3,2,2)") 
([4, 5], "(5,5,5)") 
([4, 6], "(3,2,2)") 
([4, 10], "(3,2,2)") 
([4, 12], "(3,2,2)") 
([5, 6], "(5,5,5)") 
([5, 7], "(5,5,5)") 
([5, 8], "(5,5,5)") 
([5, 9], "(5,5,5)") 
([5, 10], "(5,5,5)") 
([5, 11], "(5,5,5)") 
([5, 12], "(5,5,5)") 
([5, 13], "(5,5,5)") 
([6, 9], "(3,2,2)") 
([6, 10], "(3,2,2)") 
([6, 11], "(3,2,2)") 
([7, 8], "(3,2,2)") 
([7, 9], "(3,2,2)") 
([7, 10], "(3,2,2)") 
([7, 12], "(3,2,2)") 
([7, 13], "(3,2,2)") 
([8, 9], "(3,2,2)") 
([8, 11], "(3,2,2)") 
([8, 13], "(3,2,2)") 
([9, 10], "(3,2,2)") 
([9, 11], "(3,2,2)") 
([10, 12], "(3,2,2)") 
([12, 13], "(3,2,2)") 
-0.005649961808624668 
Dict("(3,2,2)" => 30, "(5,5,5)" => 12) 
42 
([1, 3], "(5,5,5)") 
([1, 4], "(3,2,2)") 
([1, 6], "(3,2,2)") 
([1, 10], "(3,2,2)") 
([1, 11], "(3,2,2)") 
([1, 13], "(3,2,2)") 
([2, 3], "(5,5,5)") 
([2, 4], "(3,2,2)") 
([2, 5], "(3,2,2)") 
([2, 9], "(3,2,2)") 
([2, 10], "(3,2,2)") 
([2, 12], "(3,2,2)") 
([3, 4], "(5,5,5)") 
([3, 5], "(5,5,5)") 
([3, 6], "(5,5,5)") 
([3, 7], "(5,5,5)") 
([3, 8], "(5,5,5)") 
([3, 9], "(5,5,5)") 
([3, 10], "(5,5,5)") 
([3, 11], "(5,5,5)") 
([3, 12], "(5,5,5)") 
([3, 13], "(5,5,5)") 
([4, 6], "(3,2,2)") 
([4, 10], "(3,2,2)") 
([4, 12], "(3,2,2)") 
([5, 7], "(3,2,2)") 
([5, 8], "(3,2,2)") 
([5, 9], "(3,2,2)") 
([5, 12], "(3,2,2)") 
([6, 7], "(3,2,2)") 
([6, 12], "(3,2,2)") 
([6, 13], "(3,2,2)") 
([7, 8], "(3,2,2)") 
([7, 12], "(3,2,2)") 
([7, 13], "(3,2,2)") 
([8, 9], "(3,2,2)") 
([8, 11], "(3,2,2)") 
([8, 13], "(3,2,2)") 
([9, 10], "(3,2,2)") 
([9, 11], "(3,2,2)") 
([10, 11], "(3,2,2)") 
([11, 13], "(3,2,2)") 
