5.0 
[1.0, 1.0, 1.0, 1.0, 1.0, 1.0, 0.356, 0.167, 1.0, 1.0] 
[-0.005649961808674738, -0.005649961808718298, -0.005649961808665769, -0.00564996180867858, -0.0056499618085381715, -0.005649961808688208, -0.005186120130467099, -0.004954072568235452, -0.005649961808614289, -0.005649961808614289] 
5.1911689669640735 
[0.446, 1.0, 1.0, 1.0, 1.0, 1.0, 1.0, 1.0, 1.0, 1.0] 
[-0.005275746058556673, -0.005649961808624668, -0.005649961808614289, -0.0056499618085381715, -0.0056499618087227236, -0.005649961808663898, -0.005649961808614289, -0.005649961808498517, -0.005649961808665769, -0.005649961808688208] 
5.389647048714169 
[1.0, 1.0, 1.0, 1.0, 1.0, 1.0, 1.0, 0.397, 1.0, 1.0] 
[-0.005649961808636134, -0.005649961808688208, -0.005649961808674738, -0.00564996180858735, -0.005649961808498517, -0.00564996180867858, -0.005649961808624668, -0.005282938085963222, -0.0056499618087227236, -0.005649961808624668] 
5.5957137004349 
[1.0, 1.0, 0.356, 1.0, 1.0, 1.0, 1.0, 0.446, 1.0, 1.0] 
[-0.005649961808688208, -0.00564996180858735, -0.005186120130467099, -0.005649961808699914, -0.005649961808684854, -0.00564996180858735, -0.005649961808555033, -0.005275746058556673, -0.005649961808688208, -0.005649961808663898] 
5.8096590619426705 
[1.0, 0.446, 0.397, 0.446, 1.0, 0.446, 0.446, 0.397, 0.446, 1.0] 
[-0.0056499618085381715, -0.005275746058690973, -0.005280352508570268, -0.005275746058690973, -0.005649961808699914, -0.005275746058690973, -0.005275746058690973, -0.005280352508570268, -0.005275746058556673, -0.00564996180858735] 
6.0317843661996795 
[1.0, 1.0, 1.0, 0.446, 0.397, 1.0, 1.0, 1.0, 1.0, 1.0] 
[-0.00564996180867858, -0.00564996180867858, -0.005649961808555033, -0.005275746058556673, -0.005282938085963222, -0.005649961808696177, -0.00564996180866046, -0.005649961808663053, -0.005649961808674738, -0.005649961808615618] 
6.262402363446968 
[1.0, 1.0, 1.0, 1.0, 1.0, 1.0, 1.0, 1.0, 0.446, 1.0] 
[-0.005649961808498517, -0.005649961808674738, -0.005649961808663898, -0.00564996180866046, -0.005649961808555033, -0.005649961808188044, -0.005649961808688208, -0.0056499618083439545, -0.005275746058364275, -0.0056499618087227236] 
6.5018377615536735 
[1.0, 0.274, 1.0, 1.0, 1.0, 1.0, 1.0, 1.0, 1.0, 1.0] 
[-0.0056499618083439545, -0.005063818302772757, -0.005649961808696177, -0.005649961808498517, -0.005649961808696177, -0.00564996180866046, -0.005649961808718298, -0.005649961808663898, -0.005649961808636134, -0.005649961808674738] 
6.750427683202518 
[0.397, 1.0, 1.0, 1.0, 1.0, 1.0, 1.0, 1.0, 1.0, 1.0] 
[-0.005282938085963222, -0.0056499618087227236, -0.005649961808624668, -0.005649961808674738, -0.00564996180867858, -0.005649961808615618, -0.005649961808663053, -0.005649961808624668, -0.00564996180867858, -0.005649961808696177] 
7.00852214055522 
[0.446, 1.0, 1.0, 1.0, 0.397, 1.0, 1.0, 1.0, 1.0, 1.0] 
[-0.005275746058364275, -0.0056499618083439545, -0.005649961808188044, -0.005649961808188044, -0.005280352508570268, -0.005649961808589371, -0.005649961808663898, -0.005649961808699914, -0.00564996180866046, -0.00564996180867858] 
7.276484528066175 
[1.0, 0.167, 1.0, 1.0, 0.446, 1.0, 1.0, 0.356, 1.0, 1.0] 
[-0.005649961808665769, -0.004954072568235452, -0.005649961808589371, -0.0056499618087227236, -0.005275746058364275, -0.0056499618087227236, -0.005649961808684854, -0.005186120130467099, -0.005649961808684854, -0.00564996180866046] 
7.55469213413827 
[1.0, 1.0, 0.446, 1.0, 1.0, 0.446, 0.397, 1.0, 1.0, 1.0] 
[-0.005649961808615618, -0.005649961808696177, -0.005275746058690973, -0.005649961808614289, -0.005649961808674738, -0.005275746058364275, -0.005282938085963222, -0.005649961808665769, -0.0056499618085381715, -0.005649961808663053] 
7.8435366723412345 
[0.446, 1.0, 1.0, 1.0, 1.0, 0.446, 0.446, 1.0, 1.0, 1.0] 
[-0.005275746058690973, -0.005649961808498517, -0.005649961808684854, -0.005649961808555033, -0.005649961808636134, -0.005275746058556673, -0.005275746058364275, -0.005649961808555033, -0.005649961808696177, -0.005649961808636134] 
8.143424832940495 
[1.0, 1.0, 0.274, 0.167, 0.167, 1.0, 1.0, 1.0, 1.0, 1.0] 
[-0.005649961808614289, -0.005649961808636134, -0.005063818302772757, -0.004954072568235452, -0.004954072568235452, -0.005649961808624668, -0.005649961808665769, -0.0056499618087227236, -0.005649961808624668, -0.0056499618083439545] 
8.454778855513057 
[1.0, 1.0, 1.0, 0.397, 1.0, 1.0, 1.0, 1.0, 1.0, 1.0] 
[-0.005649961808589371, -0.005649961808615618, -0.005649961808663053, -0.005280352508570268, -0.005649961808615618, -0.005649961808614289, -0.005649961808498517, -0.00564996180867858, -0.005649961808663898, -0.005649961808665769] 
8.778037123456683 
[1.0, 1.0, 1.0, 1.0, 1.0, 1.0, 1.0, 1.0, 1.0, 1.0] 
[-0.005649961808696177, -0.005649961808589371, -0.005649961808498517, -0.005649961808665769, -0.005649961808665769, -0.005649961808498517, -0.005649961808615618, -0.005649961808188044, -0.005649961808188044, -0.005649961808718298] 
9.113654781229382 
[1.0, 1.0, 1.0, 1.0, 0.446, 0.397, 0.397, 1.0, 0.167, 1.0] 
[-0.0056499618087227236, -0.00564996180866046, -0.00564996180866046, -0.005649961808663898, -0.005275746058690973, -0.005282938085963222, -0.005280352508570268, -0.005649961808684854, -0.004954072568235452, -0.005649961808589371] 
9.462104375188344 
[1.0, 1.0, 0.446, 0.397, 1.0, 0.356, 1.0, 1.0, 0.356, 1.0] 
[-0.005649961808733042, -0.005649961808733042, -0.005275746058556673, -0.005282938085963222, -0.005649961808614289, -0.005186120130467099, -0.005649961808589371, -0.005649961808636134, -0.005186120130467099, -0.0056499618085381715] 
9.823876518930543 
[1.0, 1.0, 1.0, 1.0, 1.0, 1.0, 1.0, 1.0, 1.0, 1.0] 
[-0.005649961808624668, -0.005649961808663053, -0.005649961808636134, -0.005649961808589371, -0.00564996180866046, -0.005649961808733042, -0.00564996180867858, -0.005649961808688208, -0.0056499618083439545, -0.005649961808733042] 
10.199480584071857 
[1.0, 1.0, 0.167, 1.0, 1.0, 1.0, 1.0, 1.0, 1.0, 1.0] 
[-0.005649961808663898, -0.005649961808663898, -0.004954072568235452, -0.005649961808688208, -0.005649961808733042, -0.005649961808699914, -0.0056499618087227236, -0.00564996180866046, -0.005649961808663053, -0.005649961808684854] 
10.589445417437284 
[1.0, 1.0, 0.446, 0.446, 0.356, 0.274, 0.274, 0.446, 0.397, 1.0] 
[-0.00564996180866046, -0.005649961808665769, -0.005275746058364275, -0.005275746058364275, -0.005186120130467099, -0.005063818302772757, -0.005063818302772757, -0.005275746058364275, -0.005282938085963222, -0.005649961808188044] 
10.994320085672069 
[0.397, 1.0, 1.0, 1.0, 1.0, 1.0, 0.446, 1.0, 1.0, 0.397] 
[-0.005280352508570268, -0.005649961808188044, -0.005649961808688208, -0.005649961808624668, -0.005649961808718298, -0.005649961808636134, -0.005275746058556673, -0.005649961808614289, -0.005649961808498517, -0.005280352508570268] 
11.41467464832213 
[1.0, 0.356, 1.0, 1.0, 0.446, 1.0, 1.0, 1.0, 1.0, 1.0] 
[-0.00564996180858735, -0.005186120130467099, -0.00564996180858735, -0.005649961808718298, -0.005275746058556673, -0.005649961808555033, -0.0056499618083439545, -0.005649961808589371, -0.005649961808615618, -0.005649961808555033] 
11.851100960472277 
[1.0, 0.446, 1.0, 1.0, 1.0, 1.0, 1.0, 1.0, 1.0, 1.0] 
[-0.005649961808718298, -0.005275746058364275, -0.005649961808615618, -0.005649961808684854, -0.005649961808663898, -0.005649961808718298, -0.0056499618085381715, -0.005649961808733042, -0.005649961808699914, -0.005649961808498517] 
12.304213506072362 
[0.274, 1.0, 1.0, 0.274, 1.0, 1.0, 1.0, 1.0, 1.0, 1.0] 
[-0.005063818302772757, -0.0056499618085381715, -0.0056499618085381715, -0.005063818302772757, -0.0056499618083439545, -0.005649961808674738, -0.005649961808696177, -0.005649961808674738, -0.005649961808718298, -0.005649961808699914] 
12.774650263124611 
[1.0, 0.397, 1.0, 1.0, 1.0, 1.0, 0.167, 1.0, 0.274, 0.446] 
[-0.005649961808555033, -0.005282938085963222, -0.0056499618083439545, -0.005649961808636134, -0.005649961808589371, -0.005649961808665769, -0.004954072568235452, -0.005649961808615618, -0.005063818302772757, -0.005275746058364275] 
13.263073601950383 
[1.0, 1.0, 1.0, 1.0, 1.0, 0.397, 1.0, 1.0, 0.446, 0.397] 
[-0.005649961808699914, -0.005649961808555033, -0.005649961808733042, -0.005649961808663053, -0.005649961808624668, -0.005280352508570268, -0.005649961808636134, -0.00564996180858735, -0.005275746058690973, -0.005282938085963222] 
13.77017121780105 
[1.0, 0.446, 1.0, 0.356, 1.0, 0.167, 1.0, 1.0, 1.0, 0.446] 
[-0.005649961808188044, -0.005275746058556673, -0.00564996180867858, -0.005186120130467099, -0.005649961808663053, -0.004954072568235452, -0.00564996180858735, -0.0056499618085381715, -0.005649961808555033, -0.005275746058556673] 
14.296657099126138 
[1.0, 1.0, 1.0, 1.0, 1.0, 1.0, 1.0, 0.446, 0.397, 0.274] 
[-0.005649961808663053, -0.005649961808614289, -0.0056499618087227236, -0.0056499618083439545, -0.005649961808188044, -0.005649961808684854, -0.005649961808188044, -0.005275746058690973, -0.005280352508570268, -0.005063818302772757] 
14.843272532862045 
[0.167, 1.0, 1.0, 1.0, 1.0, 1.0, 1.0, 1.0, 1.0, 0.356] 
[-0.004954072568235452, -0.005649961808684854, -0.005649961808699914, -0.005649961808733042, -0.005649961808688208, -0.005649961808663053, -0.005649961808674738, -0.005649961808718298, -0.005649961808733042, -0.005186120130467099] 
15.410787148156732 
[1.0, 0.397, 0.397, 1.0, 0.274, 1.0, 1.0, 0.274, 1.0, 0.446] 
[-0.005649961808684854, -0.005280352508570268, -0.005282938085963222, -0.005649961808615618, -0.005063818302772757, -0.0056499618085381715, -0.005649961808733042, -0.005063818302772757, -0.00564996180858735, -0.005275746058690973] 
16.0 
[0.356, 1.0, 1.0, 1.0, 1.0, 1.0, 1.0, 1.0, 1.0, 0.167] 
[-0.005186120130467099, -0.005649961808699914, -0.005649961808718298, -0.005649961808696177, -0.00564996180858735, -0.0056499618083439545, -0.005649961808699914, -0.005649961808696177, -0.005649961808589371, -0.004954072568235452] 
