13
SphericalBC{Float64} r2: 101.06969058367278 0.3138428376721002 0.1 1.0 11339 0
1  5.90289501033205 0.6201679987059365 0.10395306791514938 
1  3.5293334511157926 -4.906392302710357 1.7047256667760389 
1  3.7955742549305755 -1.3529889395843167 -4.800083731223561 
1  3.0625742003965275 3.8219198954585085 -3.2835524585421982 
1  2.363302907405919 -0.7872837239594177 5.744211751674988 
1  1.5478960314254768 4.963033509335655 2.978210005976429 
1  -5.070815399516765 -1.0960717080833347 -2.6030829005989435 
1  -0.29195102427056696 -4.715956797546027 -2.428734657477914 
1  -2.1474331798520816 -3.418316947463399 3.75425868922768 
1  -1.0763622551908019 1.660051861439493 -6.524866589056359 
1  -2.265492909145739 5.6895967621857055 -1.5176820810974279 
1  -4.171070936536018 1.8545735766389992 2.722307205803718 
1  0.5130787951316426 0.02889943177045612 -0.0289377533809312 
