13
SphericalBC{Float64} r2: 101.06969058367278 0.3138428376721002 0.1 1.0 10937 0
1  5.553070204262359 2.471624808660069 1.0640692362768653 
1  4.324276841510046 -3.4248314178528347 0.2565632273482041 
1  3.934644007725014 -0.0073556263930327145 -4.96182160542334 
1  1.7899549885882056 5.033015129480747 -3.3295897717225746 
1  2.2132165095475425 -0.13314928406793036 5.026346615616987 
1  0.21884434415223966 4.648427224661514 2.880707255518759 
1  -5.512339336950714 -2.193229092232339 -0.8218590266910822 
1  0.19115998946260257 -4.260850150717419 -3.5281708842547053 
1  -1.5982745414888742 -4.908555902546886 1.9912143887693234 
1  -1.9304114667324614 1.0748786006442437 -5.535612352728331 
1  -4.373347225455014 3.9740775977811547 -1.0583766263702001 
1  -3.415792752834988 0.549312810960352 4.050106689201687 
1  0.24360695954246522 0.3871318300386578 -0.40049974558460694 
