13
SphericalBC{Float64} r2: 101.06969058367278 0.3138428376721002 0.1 1.0 10542 0
1  5.723393646567304 1.9326198920288014 0.7715706440305385 
1  4.566853422242333 -3.4304524320312386 1.1895916525750567 
1  4.621633951302918 -1.5998164875976553 -4.398778273042671 
1  3.1681466952042787 4.461679669593952 -3.809404610391178 
1  2.7221365434692726 0.7046790495999867 5.270107879520321 
1  1.5566293340662638 5.38536637751546 2.214983268760916 
1  -4.889359614768168 -1.30331150574996 -1.2573636612023644 
1  -0.4604977860874386 -4.798882522212703 -2.1246950218576988 
1  -1.4777850924877136 -3.49594349827691 3.4893765025538968 
1  -0.6397142663290283 0.2268622364836323 -6.044075594392704 
1  -2.667999656354687 4.730932889331201 -2.4703422255804686 
1  -2.906172354231489 2.1021702800994873 3.906127852916165 
1  0.5511785252443814 0.340805489724446 -0.386392061064987 
