13
SphericalBC{Float64} r2: 101.06969058367278 0.3138428376721002 0.1 1.0 11353 0
1  5.822400505336912 1.0978336890929963 1.1239815009521177 
1  3.134072847532466 -3.847240387822886 1.4939994985020244 
1  4.806668374880399 -1.6131539682689917 -3.756076596905127 
1  2.6691549446878025 4.759597242056775 -2.0814763596776777 
1  2.2653469471570746 0.8161224420245408 5.396877955232361 
1  -0.23118826231433387 5.051598115168438 3.275021382104261 
1  -5.4315984174169145 -1.4110749249836592 -1.447907157069159 
1  -0.2805713416849102 -4.627164243690676 -2.60964900190849 
1  -2.672826667668454 -4.749134532184531 3.4580221545067817 
1  -0.8065271007745642 1.3415894356596698 -5.663694970961782 
1  -3.813191373556308 4.597624690836156 -0.8421759898924829 
1  -3.9601737677157214 0.8164242645718682 5.658242092893689 
1  -0.47176681965457967 0.43616140016243293 0.016565405280195886 
