13
SphericalBC{Float64} r2: 101.06969058367278 0.3138428376721002 0.1 1.0 11203 0
1  5.567488951437236 3.2555818745082234 -0.18612808526179728 
1  5.078854610234273 -3.08205908358777 1.2821005425576248 
1  3.546713960426954 0.2623974781327315 -4.860012693122277 
1  0.5112838548136235 4.651839848590718 -2.7097523443903064 
1  2.6912560468373132 -0.4337439628635531 5.86671704296711 
1  1.0151718444113957 4.857332022134173 3.182730016681845 
1  -3.9631207610668318 -3.2582443557667524 0.3240859293653023 
1  0.9556798173181903 -4.789975996086252 -2.3464712804470818 
1  0.06875291748517291 -5.302022620720806 3.583942448911882 
1  -2.615785523012172 -0.41562089524711276 -4.687424280807211 
1  -4.532771059986333 2.6935402272323583 -0.19778509439527422 
1  -4.060127677790659 1.8298755798381257 5.072403832328899 
1  0.41142840201658754 0.028205207218225843 0.3881161835661443 
