13
SphericalBC{Float64} r2: 101.06969058367278 0.3138428376721002 0.1 1.0 11530 0
1  6.79020766307749 3.660772265595295 0.3853186021935326 
1  3.311169948481734 -4.34695783370872 1.8839084367818524 
1  4.432252037303251 -1.293193617761552 -3.786943042417141 
1  2.5436229282319376 4.014679024078052 -4.262789335149506 
1  2.42756286689461 0.35517858035495425 5.38624216040915 
1  1.1046587747471115 4.880800867999823 1.4563456592413024 
1  -5.830122436858445 -1.505216057967814 -0.05382525554198024 
1  -0.869992567993549 -5.577221485256684 -2.2615427371873817 
1  -2.215662944580167 -4.041827613933481 3.890532369076629 
1  -2.370670835419803 -0.6994822777252332 -4.9686059378457825 
1  -3.987328586072943 4.4258663575562265 -2.3421915625158443 
1  -4.420208710031168 2.599292331097592 3.476631840551039 
1  -0.5884737672465795 -0.2433261388873174 0.13685453781903173 
