13
SphericalBC{Float64} r2: 101.06969058367278 0.3138428376721002 0.1 1.0 11256 0
1  5.1093055085382915 2.3756036562953606 1.6163655813288396 
1  4.648691638097006 -4.513712722452862 1.3254820562788399 
1  3.6216377691629416 -1.1072322166520583 -5.198448638864507 
1  1.7150957926430646 3.993854492361191 -3.0186588255311033 
1  2.556861722706383 -1.2138045607174517 5.978108453447346 
1  -0.06668816144950027 5.158381585195973 2.6847875617453187 
1  -5.1160536470015145 -2.106286341927919 -0.6866738430975343 
1  -0.9717364419799188 -5.929424296673932 -2.652845727541281 
1  -0.5746146126084583 -5.245042594853531 3.3780791727146795 
1  -2.742415716118792 0.08741603018360274 -4.991278200754803 
1  -3.8239489129531803 3.908839924630778 -1.1051092600259926 
1  -2.680308484956321 0.3770104958188332 4.080568036426134 
1  0.5144084694790868 -0.45168174342826817 -0.08237744787401477 
