13
SphericalBC{Float64} r2: 101.06969058367278 0.3138428376721002 0.1 1.0 11499 0
1  4.3587700965447524 2.0107218127045723 1.8934280724878016 
1  3.6079557594694194 -4.464806856334196 0.10112252786012095 
1  4.136316468282639 0.2748145011426375 -3.6267235109872247 
1  1.030643267697671 5.748653507035265 -3.5295755430481552 
1  0.7977713755692555 -1.4065123175616117 5.766499014161303 
1  -0.8550837089595624 4.096783818779825 4.618733142189276 
1  -6.143874569242453 -1.1435641268344174 -2.1543285685768114 
1  -2.3198913465178204 -4.866138557703002 -3.87746005039648 
1  -2.903651291943452 -4.689603258883337 2.188905271307546 
1  -1.3144025449841565 0.9218133476843992 -5.330389136391315 
1  -3.7996065259108227 4.062574604753389 -0.7104518244845283 
1  -5.330141889208169 0.920718743383686 3.52075873869846 
1  -0.4987219189889098 -0.19861787341302348 0.2072390805550434 
