13
SphericalBC{Float64} r2: 101.06969058367278 0.3138428376721002 0.1 1.0 11306 0
1  5.659632173108577 2.269186190702843 1.3543356767363248 
1  4.320439135215798 -4.057258001175558 2.4680858064640736 
1  5.654837283647973 -2.8131441716408263 -2.7538705635532743 
1  2.079003438456095 4.2301245629724535 -3.3115673342790948 
1  1.649610638865122 0.114919080441651 5.263430768166085 
1  0.5025898375311219 5.654790676436979 2.0494165710741146 
1  -5.530365911524476 -2.482772794679506 -0.23345710205582978 
1  -0.10910461812459117 -5.583012236155456 -2.761623734393741 
1  -1.2782365621024665 -4.1899883733364 3.42288819716135 
1  -1.819758755862103 -0.73104525757471 -5.4890765056590824 
1  -4.0380737553906645 4.0581553261723995 -1.0850465146187245 
1  -3.7254753213816234 1.4483649618788792 3.975133561423112 
1  0.8287168107391333 -0.3477564220965429 -0.29429298851067204 
