13
SphericalBC{Float64} r2: 101.06969058367278 0.3138428376721002 0.1 1.0 10744 0
1  4.883995160194656 2.390963360592902 1.0451993319578177 
1  3.995488019622193 -3.4150542994189643 1.6553396000127862 
1  4.220637487524433 -0.8205862131650388 -3.9591566560837017 
1  1.8131012393758899 4.845449422703928 -3.709144839543813 
1  1.3769256092989308 0.6273315395164775 5.1885863624198425 
1  0.10977952485876787 5.573561867584408 1.8940503120483991 
1  -5.8558266710379225 -1.1421333393532214 -1.4403988754355523 
1  -0.5313401507850357 -5.03735143153394 -2.4317270202340633 
1  -2.0860516470634907 -3.6485910590036967 2.9606075391356783 
1  -0.8243353285563837 -0.3797036917765978 -6.324828456968551 
1  -3.8808398188292323 3.8217680843903414 -2.224129173419873 
1  -4.1430716178160285 2.342572702871621 3.596453408390951 
1  -0.10050573939041818 0.2387258571266725 -0.5960243610299315 
