13
SphericalBC{Float64} r2: 101.06969058367278 0.3138428376721002 0.1 1.0 10693 0
1  5.613537256328866 -0.41939746105728737 2.4289916992169815 
1  3.4892460507270346 -5.855040857346739 1.5613655195027594 
1  4.019583823787126 -3.548877019412767 -3.7074447058877222 
1  3.651635649253525 2.374423382081233 -2.461723703445557 
1  0.46062517044494267 -2.089078319825113 5.935585455587406 
1  1.5661517643401583 3.763197949299763 2.7165194376658133 
1  -5.19629282861702 -1.897500444191332 -1.3559092447109415 
1  -1.1009842929200706 -5.853329359057799 -3.385254419755559 
1  -2.274178596680312 -5.819931492476435 2.4740992272391837 
1  -0.6270796767560293 -0.6546994009035891 -5.493975307092031 
1  -2.8800976436422814 3.3588809960821777 -1.9550209159857272 
1  -3.491460418629079 1.5958824525795252 3.963691508256247 
1  0.16812409551682983 -1.103353456371474 0.3370060628696681 
