13
SphericalBC{Float64} r2: 101.06969058367278 0.3138428376721002 0.1 1.0 11113 0
1  4.792625953521008 2.591048145006861 1.6244573473148987 
1  4.322066044817273 -3.613976201309285 0.9200909759974206 
1  3.679403564111799 -0.3165976241380145 -3.3265662331816865 
1  0.8013719725109472 5.106521946466984 -1.2999411321024945 
1  1.5544475622659801 -1.256830781610758 6.049972449278437 
1  -0.509439922507118 3.85758653804615 4.835967386477734 
1  -5.272824960407244 -2.6512674219304473 -0.46928510226616615 
1  -0.07910668015496541 -4.149414657566017 -2.9427769937814534 
1  -0.6432382235297057 -5.54687123199429 2.794447031699237 
1  -2.037997441498519 0.9712936407787307 -4.95516168383537 
1  -4.748736882845701 2.9365477148404597 0.0500176709146225 
1  -3.995491402450391 -0.801985584682297 4.75622122737936 
1  -0.2646731842721034 -0.09558296090311488 0.6316116221419178 
