13
SphericalBC{Float64} r2: 101.06969058367278 0.3138428376721002 0.1 1.0 10708 0
1  5.517439428282392 1.6368137188819274 2.0869409733899533 
1  4.354278733405869 -3.908114765628316 1.5694730534109127 
1  4.06894739331596 -0.21463987115371924 -3.540161468051691 
1  1.3482331727735688 4.57895301186817 -2.8678146969406764 
1  1.1729446644981005 -1.1056726563819586 5.67497731587215 
1  0.25085807738808524 4.689522614523657 3.4957028426111147 
1  -4.867591823961754 -2.1144140076807867 -1.6360693306826315 
1  0.2937843926358834 -5.1809642503989135 -2.4048519458205693 
1  -2.0510024725403513 -4.60580899849801 2.8229733083041455 
1  -1.4125594909536605 0.099399607062711 -5.732214463811741 
1  -4.151678308253473 3.5316888143940273 -1.2029736973494118 
1  -4.208247240700908 0.9293427888001022 4.26589053604219 
1  0.11192208938870365 -0.02859164743942752 0.37072203496204315 
