13
SphericalBC{Float64} r2: 101.06969058367278 0.3138428376721002 0.1 1.0 10576 0
1  4.440628764121943 1.849236248910281 2.9893011633564153 
1  4.024024971141208 -4.074222582288876 2.5955657269680406 
1  4.472466313342764 -1.3094164755292381 -2.7996249748367177 
1  1.617002589998531 3.637493130266061 -1.8457351155530262 
1  0.19096476392328382 -1.6356027887312379 6.255344396853811 
1  -0.694946155605768 4.03007527142732 3.799005744899098 
1  -4.851857750085074 -2.611949312494719 -1.754123259928295 
1  -0.06054384402114078 -5.540027548341012 -2.6981983169119856 
1  -2.2510668864262344 -5.492035190085743 3.1504920290627307 
1  -0.9242418302808981 -0.4891986391445775 -5.000846547723031 
1  -4.017859673781272 3.3219346925153284 -0.949750281564648 
1  -5.226289544827746 -0.6051736293783617 3.332417167860082 
1  -0.2263479637154163 -1.000964932296848 0.6240003519154411 
