13
SphericalBC{Float64} r2: 101.06969058367278 0.3138428376721002 0.1 1.0 11100 0
1  5.624009366358226 1.1558940138455118 0.3413761198404439 
1  3.748533262052522 -4.216442289139694 0.1757428211696931 
1  3.993549819329044 -1.094366294719902 -4.941237746411866 
1  2.4560631914205597 5.072408817477753 -2.6661982878482844 
1  0.977860887824054 -1.3720522274667084 5.324725402868852 
1  2.000583270409129 4.335230358638589 3.493585153723305 
1  -5.273130933024838 -2.345977103026392 -1.6788381244318127 
1  -0.0060393078208182405 -5.820852201914922 -3.789689110290166 
1  -1.8810903786427637 -5.146052216909005 2.1447591049261496 
1  -1.997873651964275 -0.5350916366283354 -5.828906019881118 
1  -4.788624733107328 3.4955953484816846 -2.2125292357404236 
1  -4.248354921081719 0.09865345409434995 3.5356456545651587 
1  0.022831698361305892 0.025399346495974577 -0.07477446455274712 
