13
SphericalBC{Float64} r2: 101.06969058367278 0.3138428376721002 0.1 1.0 10943 0
1  4.880928740142508 1.6305597612554135 1.5317053112388688 
1  2.476072529235531 -4.437781796662894 2.2069657497689765 
1  4.0174275053393655 -1.0807138988399043 -3.017607877935458 
1  2.7499734467353494 4.346007495722579 -2.759497854248604 
1  0.8027184125252941 -0.5514365383334869 6.195004018579071 
1  0.46210794602709293 5.866197221301351 2.7423879998581215 
1  -5.760153522752002 -0.8711079600404652 -1.3015445186229695 
1  -1.0495394678391814 -4.691834267967434 -2.296891215325789 
1  -3.435621297732674 -4.096263007077892 2.9142995745665137 
1  -1.690474946259907 0.14698194390055994 -5.148194153421215 
1  -3.148081639267403 5.23184426187762 -2.2641095046341655 
1  -4.110519459283495 1.8206920098392927 4.034371519346745 
1  -0.34429395348556985 0.5066164385261035 0.2992183338037365 
