0.251
0.809
0.192
0.049
0.278
1.0
0.117
0.426
1.0
0.651
1.0
0.447
0.912
1.0
0.194
1.0
0.137
1.0
0.442
1.0
0.367
1.0
0.263
0.692
0.114
0.939
0.257
1.0
0.535
1.0
0.159
0.126
1.0
0.667
1.0
1.0
0.163
1.0
0.135
0.894
1.0
0.243
1.0
1.0
1.0
0.192
0.158
0.183
0.711
0.424
1.0
0.218
1.0
1.0
0.692
0.185
1.0
0.118
1.0
0.208
1.0
1.0
0.291
0.338
1.0
1.0
0.482
1.0
0.503
1.0
1.0
0.251
1.0
0.139
0.114
0.352
0.198
1.0
0.939
0.313
1.0
0.721
1.0
0.803
0.188
0.455
0.123
0.117
1.0
0.109
0.692
1.0
0.136
0.146
1.0
0.68
0.864
1.0
0.85
0.209
0.117
0.088
0.135
1.0
0.172
1.0
0.272
0.516
0.283
1.0
0.214
1.0
1.0
0.169
1.0
0.855
0.085
0.939
0.145
0.295
1.0
0.692
0.145
0.769
1.0
1.0
0.422
0.096
0.243
0.234
1.0
0.9
1.0
0.516
1.0
0.713
0.826
0.864
1.0
1.0
0.23
0.705
0.295
0.939
0.862
0.088
1.0
1.0
0.197
0.258
0.864
0.269
1.0
1.0
0.29
1.0
0.333
0.692
1.0
0.382
0.667
0.713
0.202
1.0
0.109
1.0
0.122
0.881
0.123
1.0
0.9
0.713
0.105
0.308
0.864
1.0
1.0
0.692
1.0
1.0
0.177
0.9
1.0
0.355
0.939
1.0
0.426
0.85
0.803
0.68
1.0
0.148
0.216
0.732
0.482
0.753
0.18
0.36
1.0
0.302
1.0
0.145
1.0
1.0
1.0
0.455
0.13
0.136
0.484
0.114
1.0
1.0
0.939
1.0
1.0
0.192
0.939
1.0
0.262
1.0
0.288
0.692
0.671
1.0
1.0
0.85
0.9
1.0
0.9
0.131
1.0
1.0
0.163
0.181
1.0
0.68
0.692
1.0
0.31
1.0
0.474
0.113
0.053
0.482
1.0
1.0
1.0
1.0
1.0
0.685
0.459
1.0
0.177
0.103
1.0
0.447
1.0
0.319
1.0
1.0
0.444
0.093
1.0
0.26
0.101
0.11
0.23
1.0
0.11
0.14
0.68
0.192
1.0
1.0
0.625
1.0
0.202
1.0
0.451
1.0
1.0
1.0
1.0
0.671
1.0
0.222
1.0
1.0
1.0
1.0
1.0
1.0
0.697
0.242
0.713
1.0
1.0
0.511
0.273
1.0
1.0
0.193
0.9
1.0
0.184
0.169
0.692
1.0
0.123
1.0
0.186
0.126
0.487
0.177
0.212
1.0
1.0
0.939
0.296
1.0
0.178
1.0
0.15
0.189
0.349
0.234
0.136
1.0
0.357
0.225
0.939
0.35
0.484
0.26
1.0
0.227
0.5
1.0
0.465
1.0
0.224
0.154
0.443
0.188
0.471
1.0
1.0
0.692
1.0
0.306
0.193
1.0
0.25
1.0
0.184
0.692
0.209
1.0
0.775
1.0
0.114
1.0
0.68
0.68
1.0
0.554
1.0
1.0
0.939
1.0
1.0
1.0
0.187
0.145
1.0
0.315
0.184
0.675
1.0
0.136
0.379
0.183
1.0
0.146
1.0
1.0
0.484
1.0
0.159
0.155
1.0
0.137
0.711
0.192
0.462
0.145
0.314
0.939
1.0
0.188
0.207
1.0
0.198
0.211
0.222
0.676
0.121
0.225
1.0
0.446
1.0
0.717
0.9
0.912
0.9
1.0
1.0
0.894
0.482
0.465
0.864
0.482
0.492
0.426
0.692
1.0
0.462
1.0
0.207
0.239
0.214
0.203
1.0
1.0
0.202
0.864
1.0
1.0
1.0
0.426
1.0
1.0
0.626
0.234
0.388
1.0
0.349
0.207
0.168
0.894
1.0
0.113
0.186
1.0
1.0
0.692
0.292
0.358
0.85
1.0
1.0
1.0
0.68
0.692
1.0
0.377
0.42
0.105
0.141
1.0
0.396
1.0
1.0
0.195
0.225
0.131
1.0
0.089
1.0
0.122
1.0
1.0
1.0
0.315
1.0
1.0
0.357
1.0
0.894
0.85
1.0
0.667
0.183
0.554
0.864
0.459
1.0
0.692
1.0
0.184
0.25
0.145
1.0
1.0
0.279
0.894
0.118
0.068
1.0
1.0
0.145
1.0
0.676
0.169
0.329
0.676
1.0
0.713
0.191
0.243
0.196
0.578
0.692
1.0
0.392
0.913
1.0
1.0
1.0
0.49
1.0
1.0
0.198
0.913
1.0
0.212
0.33
0.15
0.092
0.18
0.109
0.28
0.655
1.0
0.9
0.717
0.141
1.0
1.0
0.138
1.0
1.0
1.0
0.159
1.0
0.939
0.297
0.939
1.0
0.234
0.279
0.311
1.0
0.204
0.188
0.484
1.0
1.0
1.0
1.0
1.0
1.0
1.0
0.482
0.913
0.244
1.0
1.0
1.0
0.187
0.221
0.171
0.22
0.179
0.146
0.803
1.0
0.126
1.0
0.122
1.0
0.173
1.0
0.114
1.0
0.269
1.0
0.5
1.0
1.0
0.913
0.123
1.0
0.68
0.711
0.894
1.0
0.232
1.0
1.0
1.0
0.193
1.0
1.0
0.239
1.0
0.667
1.0
0.178
0.484
0.117
1.0
0.939
0.163
1.0
1.0
0.423
1.0
0.474
0.549
1.0
1.0
0.278
0.198
0.214
0.093
1.0
1.0
1.0
0.139
0.726
1.0
1.0
1.0
0.939
0.167
0.207
0.118
0.9
0.599
0.181
0.692
0.9
1.0
0.206
0.939
0.713
0.203
0.163
0.692
0.939
0.692
0.159
1.0
1.0
0.195
1.0
0.5
1.0
0.177
1.0
0.919
0.919
1.0
1.0
0.939
0.864
0.312
1.0
1.0
0.671
0.85
1.0
1.0
0.431
0.1
0.168
1.0
0.647
0.9
1.0
0.379
0.145
0.135
0.383
1.0
0.239
0.913
0.167
1.0
0.692
0.408
1.0
0.358
1.0
1.0
0.9
1.0
0.349
0.675
1.0
0.347
1.0
0.85
1.0
0.894
0.647
0.144
1.0
0.207
0.429
0.142
0.939
1.0
0.274
1.0
0.9
1.0
1.0
0.222
0.131
1.0
0.167
1.0
0.939
1.0
0.864
1.0
1.0
1.0
1.0
0.104
0.541
0.479
0.838
1.0
0.109
0.158
0.1
0.864
1.0
0.864
1.0
0.097
0.187
0.185
0.202
1.0
1.0
0.175
1.0
0.532
1.0
0.114
0.465
0.148
0.114
1.0
1.0
0.713
1.0
1.0
1.0
0.713
1.0
0.152
1.0
0.686
0.223
0.511
1.0
0.85
0.532
0.894
0.68
0.289
1.0
1.0
1.0
0.38
1.0
0.692
0.109
0.064
0.088
1.0
1.0
0.554
0.159
1.0
0.08
0.251
1.0
1.0
0.101
0.127
0.233
0.671
0.431
0.426
1.0
1.0
0.246
0.894
0.68
0.647
1.0
1.0
1.0
1.0
1.0
0.223
0.136
0.185
0.626
0.165
0.692
1.0
1.0
1.0
0.084
1.0
0.232
1.0
0.222
0.106
0.225
1.0
0.711
0.939
0.939
0.163
0.327
0.447
0.242
1.0
0.126
1.0
0.089
0.137
1.0
0.198
1.0
0.145
0.692
0.111
0.939
0.9
0.434
0.124
1.0
0.692
0.172
0.111
1.0
0.186
0.183
1.0
0.442
1.0
1.0
1.0
1.0
0.438
0.689
0.939
0.939
1.0
0.378
0.675
0.717
0.151
0.038
1.0
0.196
1.0
1.0
1.0
0.179
1.0
1.0
1.0
1.0
1.0
0.158
0.123
0.667
0.9
1.0
0.138
0.195
0.429
1.0
1.0
0.166
0.139
1.0
0.155
1.0
1.0
1.0
0.159
0.192
0.098
0.657
0.181
0.647
0.302
1.0
0.894
0.198
1.0
0.638
0.9
0.157
0.426
0.803
1.0
0.149
1.0
0.864
1.0
0.226
0.346
0.939
0.939
0.692
0.177
1.0
0.38
1.0
0.156
1.0
0.088
1.0
0.109
0.223
0.695
1.0
1.0
1.0
1.0
0.347
1.0
0.692
0.462
0.913
0.217
0.939
0.207
1.0
1.0
0.939
0.38
0.333
1.0
0.269
1.0
0.9
0.482
0.9
0.347
0.939
0.426
0.244
1.0
0.089
1.0
1.0
1.0
1.0
1.0
0.33
1.0
1.0
1.0
0.222
1.0
0.135
1.0
0.634
0.141
0.288
1.0
1.0
1.0
0.172
0.939
1.0
0.349