-168.871148
-167.655625
-167.757432
-169.287674
-168.693695
-173.928403
-166.983896
-170.463523
-173.928399
-170.004165
-173.928413
-170.372199
-168.173137
-173.928424
-168.097116
-173.928396
-167.219539
-173.928383
-165.982986
-173.928411
-166.926732
-173.928399
-167.311612
-171.855995
-166.761192
-170.766605
-168.465538
-173.928422
-169.651441
-173.928409
-167.495651
-169.503790
-173.928408
-170.467124
-173.928417
-173.928411
-169.718956
-173.928417
-167.738763
-171.452405
-173.928413
-169.391935
-173.928424
-173.928419
-173.928406
-169.773185
-166.710675
-169.012230
-169.868016
-168.142524
-173.928410
-167.693254
-173.928417
-173.928421
-171.856015
-168.813051
-173.928409
-168.295931
-173.928417
-166.467718
-173.928416
-173.928409
-167.427466
-167.336659
-173.928417
-173.928385
-171.573802
-173.928417
-169.808949
-173.928416
-173.928421
-168.077956
-173.928421
-167.913402
-166.751377
-164.408123
-168.317988
-173.928415
-170.766565
-165.847612
-173.928415
-169.876312
-173.928422
-167.875061
-168.304770
-168.195536
-165.444538
-169.914258
-173.928422
-168.184667
-171.856003
-173.928411
-166.535013
-165.778612
-173.928406
-169.271272
-170.940853
-173.928411
-168.051879
-166.100889
-170.361685
-169.483726
-170.692281
-173.928409
-167.353172
-173.928416
-168.158165
-169.895543
-168.466215
-173.928418
-167.085723
-173.928398
-173.928408
-167.663874
-173.928421
-167.372653
-168.673757
-170.766595
-169.518322
-162.467467
-173.928422
-171.856004
-169.518865
-168.764295
-173.928418
-173.928415
-165.439210
-168.416526
-169.629982
-168.739409
-173.928422
-170.836469
-173.928413
-166.868018
-173.928419
-171.758071
-168.280514
-170.940809
-173.928421
-173.928419
-167.579914
-166.701626
-166.716502
-170.566471
-168.219990
-167.932851
-173.928423
-173.928425
-168.988184
-166.149839
-170.940842
-168.700798
-173.928421
-173.928422
-166.707316
-173.928413
-166.424004
-171.856019
-173.928398
-171.359541
-170.389388
-171.758051
-169.129023
-173.928411
-167.634415
-173.928414
-169.254450
-168.929668
-168.172433
-173.928412
-170.836951
-171.758047
-169.373145
-166.464011
-170.940853
-173.928423
-173.928411
-171.856005
-173.928422
-173.928410
-169.696509
-170.817829
-173.928405
-167.578644
-170.766591
-173.928420
-170.463617
-168.051886
-167.592505
-169.918073
-173.928412
-168.623645
-166.622425
-169.725934
-171.573798
-168.263167
-165.920380
-166.702221
-173.928421
-167.114815
-173.928418
-168.215355
-173.928399
-173.928404
-173.928412
-168.839179
-169.525221
-169.217164
-170.779024
-167.930986
-173.928412
-173.928421
-170.766591
-173.928415
-173.928407
-165.825552
-170.829048
-173.928411
-169.181491
-173.928406
-168.946713
-171.856006
-169.724559
-173.928414
-173.928402
-168.277827
-170.829137
-173.928405
-170.823574
-166.858721
-173.928423
-173.928421
-169.967608
-164.700689
-173.928410
-169.207754
-171.856002
-173.928412
-168.654278
-173.928418
-168.391822
-169.513882
-167.009601
-168.779899
-173.928425
-173.928413
-173.928416
-173.928422
-173.928419
-168.642603
-168.678821
-173.928421
-168.712255
-165.914796
-173.928417
-170.898090
-173.928411
-164.965711
-173.928410
-173.928420
-168.326169
-169.001093
-173.928420
-167.859000
-168.557030
-168.154671
-166.972625
-173.928415
-169.331561
-167.567487
-169.918079
-169.367074
-173.928416
-173.928419
-169.058389
-173.928388
-168.178466
-173.928403
-168.556147
-173.928419
-173.928405
-173.928402
-173.928421
-169.871364
-173.928423
-168.595561
-173.928406
-173.928405
-173.928412
-173.928418
-173.928417
-173.928424
-165.076483
-166.179709
-171.758048
-173.928396
-173.928403
-169.669449
-169.438325
-173.928417
-173.928403
-168.214311
-170.796912
-173.928418
-167.037371
-167.719625
-171.856016
-173.928417
-167.870865
-173.928418
-170.262653
-169.006314
-166.763385
-168.649764
-168.506923
-173.928419
-173.928422
-170.766605
-169.221616
-173.928407
-167.376387
-173.928414
-168.183631
-166.804042
-165.602217
-168.225678
-168.350894
-173.928415
-166.413280
-166.364425
-170.766603
-169.168121
-170.778980
-167.482936
-173.928409
-166.302075
-165.355921
-173.928415
-169.403055
-173.928413
-168.156980
-167.962214
-168.835165
-167.859867
-166.953999
-173.928402
-173.928417
-171.856007
-173.928409
-166.898874
-167.807154
-173.928422
-168.870598
-173.928417
-166.716316
-171.856002
-167.871982
-173.928409
-168.939058
-173.928415
-168.575565
-173.928419
-169.918050
-169.749999
-173.928415
-168.865046
-173.928419
-173.928405
-170.829488
-173.928419
-173.928411
-173.928413
-168.350609
-169.044707
-173.928403
-164.617232
-170.875836
-168.687714
-173.928404
-167.884504
-164.836111
-168.863281
-173.928421
-172.200552
-173.928417
-173.928382
-170.778983
-173.928424
-168.369270
-165.624567
-173.928400
-167.029077
-169.868014
-169.231197
-170.555116
-167.854332
-168.340896
-170.766601
-173.928424
-168.327232
-169.810022
-173.928415
-169.844511
-168.879768
-168.153605
-168.830053
-169.605627
-169.673061
-173.928403
-166.528286
-173.928417
-170.724876
-170.826942
-168.173114
-170.826940
-173.928408
-173.928415
-171.425790
-168.779901
-169.403045
-170.940840
-171.573815
-170.705270
-166.035862
-171.856015
-173.928407
-170.571412
-173.928414
-169.809998
-168.823414
-170.451691
-167.701904
-173.928423
-173.928424
-169.117104
-170.940855
-173.928418
-173.928400
-173.928411
-170.463550
-173.928414
-173.928416
-168.653874
-167.237407
-167.056694
-173.928412
-167.654948
-169.810033
-168.217933
-171.452396
-173.928406
-169.718409
-168.384325
-173.928420
-173.928403
-171.856015
-168.342504
-169.266778
-168.277803
-173.928412
-173.928403
-173.928406
-169.918064
-171.856011
-173.928410
-170.256269
-166.614912
-169.961319
-164.422844
-173.928414
-159.871342
-173.928411
-173.928402
-166.211889
-168.984375
-169.291737
-173.928408
-167.024360
-173.928397
-168.918333
-173.928404
-173.928409
-173.928412
-168.916778
-173.928390
-173.928406
-165.511514
-173.928409
-171.452408
-168.363500
-173.928412
-170.389366
-165.310552
-168.865007
-170.940857
-167.772964
-173.928422
-171.856014
-173.928414
-164.109439
-166.982372
-168.997493
-173.928401
-173.928401
-168.539283
-171.452404
-166.657267
-169.147855
-173.928398
-173.928408
-167.475456
-173.928416
-171.026897
-168.563958
-167.124742
-171.026895
-173.928408
-171.758065
-167.807169
-169.630073
-168.585478
-166.867424
-171.856004
-173.928411
-169.314680
-170.597197
-173.928417
-173.928411
-173.928393
-168.968192
-173.928414
-173.928413
-164.930391
-170.597201
-173.928404
-166.499646
-167.883980
-167.423359
-169.534056
-166.784312
-170.144981
-168.837653
-168.435742
-173.928390
-170.826926
-170.639780
-164.807988
-173.928416
-173.928410
-166.737609
-173.928403
-173.928399
-173.928411
-167.148538
-173.928397
-170.822164
-165.627641
-170.766586
-173.928404
-167.016703
-169.205817
-165.221170
-173.928407
-165.322253
-168.427446
-170.779017
-173.928411
-173.928409
-173.928412
-173.928416
-173.928416
-173.928413
-173.928420
-168.859628
-170.597198
-168.819997
-173.928408
-173.928403
-173.928395
-167.959109
-168.023726
-165.172595
-168.938585
-167.320447
-169.032674
-167.875045
-173.928419
-166.398899
-173.928419
-166.656873
-173.928415
-168.763379
-173.928397
-165.970955
-173.928418
-166.048373
-173.928422
-170.474694
-173.928399
-173.928407
-170.597194
-167.159988
-173.928416
-169.918073
-169.793667
-171.452412
-173.928420
-168.687836
-173.928422
-173.928412
-173.928407
-168.254101
-173.928413
-173.928416
-168.823429
-173.928404
-170.691419
-173.928402
-168.723758
-170.779002
-169.403153
-173.928399
-170.766598
-167.516536
-173.928417
-173.928421
-166.115398
-173.928413
-166.911503
-166.727084
-173.928408
-173.928401
-166.606150
-166.508887
-166.035475
-169.823730
-173.928420
-173.928414
-173.928412
-169.470351
-169.025905
-173.928410
-173.928410
-173.928423
-170.829049
-168.781790
-168.533566
-167.669343
-170.826932
-167.669460
-168.202759
-171.855983
-170.817816
-173.928418
-167.653567
-170.766594
-171.758055
-167.329098
-168.651160
-171.856003
-170.766594
-171.856006
-167.165967
-173.928416
-173.928417
-167.811779
-173.928419
-169.941083
-173.928419
-169.696498
-173.928400
-169.142843
-169.142810
-173.928408
-173.928412
-170.566484
-170.940853
-166.780114
-173.928422
-173.928409
-169.679656
-168.110470
-173.928424
-173.928416
-168.623144
-169.849388
-168.881519
-173.928417
-171.042226
-170.826929
-173.928395
-168.745900
-167.724879
-169.334373
-165.536159
-173.928421
-168.683451
-170.597192
-167.920850
-173.928419
-171.856002
-168.641553
-173.928411
-169.266745
-173.928423
-173.928418
-170.829142
-173.928414
-168.759757
-168.753038
-173.928419
-167.344070
-173.928410
-168.228524
-173.928383
-171.452411
-170.934021
-168.694877
-173.928421
-168.118939
-170.473002
-170.978154
-170.766600
-173.928403
-169.338056
-173.928424
-170.744694
-173.928411
-173.928413
-169.237193
-168.961329
-173.928421
-169.607358
-173.928424
-170.766604
-173.928423
-170.940841
-173.928419
-173.928418
-173.928419
-173.928422
-170.327036
-170.647177
-169.401309
-168.104776
-173.928409
-168.748804
-169.155975
-168.386983
-170.940854
-173.928412
-170.940844
-173.928404
-168.574808
-169.295122
-169.789648
-169.427179
-173.928410
-173.928409
-168.910502
-173.928419
-170.699548
-173.928420
-169.698786
-169.403082
-169.594493
-168.492795
-173.928410
-173.928422
-171.758075
-173.928412
-173.928404
-173.928409
-171.758064
-173.928417
-166.182737
-173.928409
-170.825488
-167.044457
-169.637845
-173.928408
-168.277808
-170.018264
-171.452399
-169.867466
-169.149146
-173.928412
-173.928418
-173.928421
-166.876398
-173.928400
-171.856007
-166.962064
-169.664860
-168.967329
-173.928414
-173.928413
-168.865030
-169.649755
-173.928416
-167.138387
-167.343351
-173.928405
-173.928417
-168.730746
-167.260960
-170.324557
-169.802408
-166.506445
-170.463505
-173.928418
-173.928415
-169.334275
-171.452411
-169.918077
-171.042215
-173.928416
-173.928414
-173.928420
-173.928414
-173.928420
-168.785122
-169.600122
-169.157064
-168.302246
-166.913051
-171.856010
-173.928412
-173.928414
-173.928389
-168.309709
-173.928417
-165.556418
-173.928396
-169.237245
-168.116695
-166.855882
-173.928418
-169.868022
-170.822168
-170.566491
-167.236794
-168.107880
-170.690245
-167.160224
-173.928415
-168.181019
-173.928397
-167.861888
-166.786825
-173.928422
-167.670390
-173.928414
-168.758314
-171.855998
-167.179895
-170.829030
-170.744689
-168.590972
-167.298596
-173.928415
-171.856001
-169.347589
-169.531861
-173.928371
-170.710331
-167.886986
-173.928402
-168.480593
-173.928403
-173.928398
-173.928395
-173.928418
-164.162707
-166.838706
-170.566481
-170.766574
-173.928412
-169.028973
-168.738058
-170.724875
-169.546386
-169.108826
-173.928414
-167.647275
-173.928419
-173.928415
-173.928416
-167.564285
-173.928419
-173.928414
-173.928410
-173.928416
-173.928418
-167.945916
-170.059636
-170.691416
-170.744691
-173.928413
-169.592867
-168.729814
-170.473132
-173.928398
-173.928418
-167.085015
-168.834143
-173.928400
-167.563597
-173.928406
-173.928412
-173.928423
-166.076432
-167.826774
-166.801852
-170.794155
-168.595953
-171.042240
-167.966714
-173.928413
-171.452392
-167.671738
-173.928424
-169.826413
-170.836465
-170.161492
-168.096866
-167.875054
-173.928407
-166.981077
-173.928412
-170.940851
-173.928410
-166.757055
-165.574036
-170.766587
-170.766606
-171.856001
-169.213068
-173.928416
-166.682243
-173.928386
-171.178040
-173.928393
-169.289794
-173.928421
-169.305579
-165.554798
-168.900729
-173.928422
-173.928423
-173.928420
-173.928416
-167.497987
-173.928397
-171.856009
-170.309973
-170.597193
-165.956545
-170.766594
-168.106481
-173.928416
-173.928407
-170.766584
-168.227350
-166.714501
-173.928406
-165.339134
-173.928413
-170.796912
-171.573809
-170.826934
-170.327319
-170.566485
-170.463541
-170.147381
-173.928422
-170.231181
-173.928419
-173.928417
-173.928422
-173.928417
-173.928415
-166.521182
-173.928420
-173.928412
-173.928393
-169.237218
-173.928397
-169.063542
-173.928423
-169.832869
-169.572053
-166.534939
-173.928411
-173.928420
-173.928412
-168.237758
-170.766594
-173.928408
-167.947352
