emin,emax,nbins= -0.005638047205940941 -0.0021575667372027304 100 
Histograms 
0.0	0.0	17.0	908.0	10916.0	47287.0	114283.0	176847.0	198634.0	174451.0	124892.0	76101.0	41205.0	19667.0	8928.0	3698.0	1363.0	501.0	212.0	65.0	19.0	5.0	1.0	0.0	0.0	0.0	0.0	0.0	0.0	0.0	0.0	0.0	0.0	0.0	0.0	0.0	0.0	0.0	0.0	0.0	0.0	0.0	0.0	0.0	0.0	0.0	0.0	0.0	0.0	0.0	0.0	0.0	0.0	0.0	0.0	0.0	0.0	0.0	0.0	0.0	0.0	0.0	0.0	0.0	0.0	0.0	0.0	0.0	0.0	0.0	0.0	0.0	0.0	0.0	0.0	0.0	0.0	0.0	0.0	0.0	0.0	0.0	0.0	0.0	0.0	0.0	0.0	0.0	0.0	0.0	0.0	0.0	0.0	0.0	0.0	0.0	0.0	0.0	0.0	0.0	0.0	0.0
0.0	0.0	15.0	650.0	7413.0	36185.0	93510.0	156443.0	189346.0	179085.0	139227.0	92433.0	53952.0	28194.0	13424.0	6123.0	2450.0	998.0	361.0	123.0	50.0	12.0	6.0	0.0	0.0	0.0	0.0	0.0	0.0	0.0	0.0	0.0	0.0	0.0	0.0	0.0	0.0	0.0	0.0	0.0	0.0	0.0	0.0	0.0	0.0	0.0	0.0	0.0	0.0	0.0	0.0	0.0	0.0	0.0	0.0	0.0	0.0	0.0	0.0	0.0	0.0	0.0	0.0	0.0	0.0	0.0	0.0	0.0	0.0	0.0	0.0	0.0	0.0	0.0	0.0	0.0	0.0	0.0	0.0	0.0	0.0	0.0	0.0	0.0	0.0	0.0	0.0	0.0	0.0	0.0	0.0	0.0	0.0	0.0	0.0	0.0	0.0	0.0	0.0	0.0	0.0	0.0
0.0	0.0	7.0	407.0	5161.0	26461.0	73781.0	134727.0	175176.0	179884.0	151169.0	109133.0	68369.0	38562.0	20177.0	9683.0	4215.0	1771.0	776.0	322.0	149.0	45.0	19.0	5.0	1.0	0.0	0.0	0.0	0.0	0.0	0.0	0.0	0.0	0.0	0.0	0.0	0.0	0.0	0.0	0.0	0.0	0.0	0.0	0.0	0.0	0.0	0.0	0.0	0.0	0.0	0.0	0.0	0.0	0.0	0.0	0.0	0.0	0.0	0.0	0.0	0.0	0.0	0.0	0.0	0.0	0.0	0.0	0.0	0.0	0.0	0.0	0.0	0.0	0.0	0.0	0.0	0.0	0.0	0.0	0.0	0.0	0.0	0.0	0.0	0.0	0.0	0.0	0.0	0.0	0.0	0.0	0.0	0.0	0.0	0.0	0.0	0.0	0.0	0.0	0.0	0.0	0.0
0.0	0.0	3.0	237.0	3538.0	19559.0	58280.0	113079.0	159143.0	175804.0	158599.0	122523.0	82921.0	50767.0	28160.0	14748.0	6981.0	3268.0	1434.0	606.0	226.0	80.0	28.0	13.0	1.0	2.0	0.0	0.0	0.0	0.0	0.0	0.0	0.0	0.0	0.0	0.0	0.0	0.0	0.0	0.0	0.0	0.0	0.0	0.0	0.0	0.0	0.0	0.0	0.0	0.0	0.0	0.0	0.0	0.0	0.0	0.0	0.0	0.0	0.0	0.0	0.0	0.0	0.0	0.0	0.0	0.0	0.0	0.0	0.0	0.0	0.0	0.0	0.0	0.0	0.0	0.0	0.0	0.0	0.0	0.0	0.0	0.0	0.0	0.0	0.0	0.0	0.0	0.0	0.0	0.0	0.0	0.0	0.0	0.0	0.0	0.0	0.0	0.0	0.0	0.0	0.0	0.0
0.0	0.0	4.0	152.0	2397.0	13929.0	44583.0	92006.0	141120.0	166501.0	162216.0	134322.0	98507.0	64089.0	38331.0	21127.0	11047.0	5253.0	2467.0	1089.0	517.0	197.0	96.0	36.0	11.0	3.0	0.0	0.0	0.0	0.0	0.0	0.0	0.0	0.0	0.0	0.0	0.0	0.0	0.0	0.0	0.0	0.0	0.0	0.0	0.0	0.0	0.0	0.0	0.0	0.0	0.0	0.0	0.0	0.0	0.0	0.0	0.0	0.0	0.0	0.0	0.0	0.0	0.0	0.0	0.0	0.0	0.0	0.0	0.0	0.0	0.0	0.0	0.0	0.0	0.0	0.0	0.0	0.0	0.0	0.0	0.0	0.0	0.0	0.0	0.0	0.0	0.0	0.0	0.0	0.0	0.0	0.0	0.0	0.0	0.0	0.0	0.0	0.0	0.0	0.0	0.0	0.0
0.0	0.0	2.0	99.0	1470.0	9556.0	33146.0	74208.0	120341.0	153296.0	159917.0	142435.0	112227.0	79480.0	50646.0	30072.0	16395.0	8767.0	4342.0	2083.0	931.0	368.0	151.0	53.0	11.0	2.0	0.0	1.0	1.0	0.0	0.0	0.0	0.0	0.0	0.0	0.0	0.0	0.0	0.0	0.0	0.0	0.0	0.0	0.0	0.0	0.0	0.0	0.0	0.0	0.0	0.0	0.0	0.0	0.0	0.0	0.0	0.0	0.0	0.0	0.0	0.0	0.0	0.0	0.0	0.0	0.0	0.0	0.0	0.0	0.0	0.0	0.0	0.0	0.0	0.0	0.0	0.0	0.0	0.0	0.0	0.0	0.0	0.0	0.0	0.0	0.0	0.0	0.0	0.0	0.0	0.0	0.0	0.0	0.0	0.0	0.0	0.0	0.0	0.0	0.0	0.0	0.0
0.0	0.0	2.0	51.0	977.0	6720.0	24691.0	58863.0	101275.0	137394.0	153587.0	145999.0	122457.0	92278.0	63315.0	40858.0	24044.0	13524.0	7100.0	3649.0	1794.0	822.0	366.0	142.0	61.0	16.0	8.0	4.0	3.0	0.0	0.0	0.0	0.0	0.0	0.0	0.0	0.0	0.0	0.0	0.0	0.0	0.0	0.0	0.0	0.0	0.0	0.0	0.0	0.0	0.0	0.0	0.0	0.0	0.0	0.0	0.0	0.0	0.0	0.0	0.0	0.0	0.0	0.0	0.0	0.0	0.0	0.0	0.0	0.0	0.0	0.0	0.0	0.0	0.0	0.0	0.0	0.0	0.0	0.0	0.0	0.0	0.0	0.0	0.0	0.0	0.0	0.0	0.0	0.0	0.0	0.0	0.0	0.0	0.0	0.0	0.0	0.0	0.0	0.0	0.0	0.0	0.0
0.0	0.0	2.0	44.0	618.0	4626.0	18044.0	45409.0	83315.0	121033.0	142802.0	145147.0	130736.0	104570.0	76301.0	52136.0	32975.0	19303.0	10904.0	5984.0	3078.0	1471.0	776.0	371.0	170.0	77.0	43.0	22.0	18.0	13.0	5.0	4.0	3.0	0.0	0.0	0.0	0.0	0.0	0.0	0.0	0.0	0.0	0.0	0.0	0.0	0.0	0.0	0.0	0.0	0.0	0.0	0.0	0.0	0.0	0.0	0.0	0.0	0.0	0.0	0.0	0.0	0.0	0.0	0.0	0.0	0.0	0.0	0.0	0.0	0.0	0.0	0.0	0.0	0.0	0.0	0.0	0.0	0.0	0.0	0.0	0.0	0.0	0.0	0.0	0.0	0.0	0.0	0.0	0.0	0.0	0.0	0.0	0.0	0.0	0.0	0.0	0.0	0.0	0.0	0.0	0.0	0.0
0.0	0.0	1.0	20.0	390.0	2998.0	12467.0	33303.0	65936.0	102346.0	130440.0	141492.0	132962.0	114860.0	89458.0	64585.0	43595.0	27660.0	16418.0	9513.0	5390.0	2987.0	1542.0	805.0	421.0	206.0	103.0	59.0	28.0	9.0	4.0	1.0	1.0	0.0	0.0	0.0	0.0	0.0	0.0	0.0	0.0	0.0	0.0	0.0	0.0	0.0	0.0	0.0	0.0	0.0	0.0	0.0	0.0	0.0	0.0	0.0	0.0	0.0	0.0	0.0	0.0	0.0	0.0	0.0	0.0	0.0	0.0	0.0	0.0	0.0	0.0	0.0	0.0	0.0	0.0	0.0	0.0	0.0	0.0	0.0	0.0	0.0	0.0	0.0	0.0	0.0	0.0	0.0	0.0	0.0	0.0	0.0	0.0	0.0	0.0	0.0	0.0	0.0	0.0	0.0	0.0	0.0
0.0	0.0	0.0	13.0	280.0	2040.0	8835.0	25557.0	53045.0	86466.0	115090.0	131510.0	132449.0	120602.0	99728.0	76568.0	54369.0	36428.0	23335.0	14105.0	8351.0	4921.0	2666.0	1557.0	917.0	530.0	325.0	150.0	85.0	33.0	25.0	6.0	11.0	3.0	0.0	0.0	0.0	0.0	0.0	0.0	0.0	0.0	0.0	0.0	0.0	0.0	0.0	0.0	0.0	0.0	0.0	0.0	0.0	0.0	0.0	0.0	0.0	0.0	0.0	0.0	0.0	0.0	0.0	0.0	0.0	0.0	0.0	0.0	0.0	0.0	0.0	0.0	0.0	0.0	0.0	0.0	0.0	0.0	0.0	0.0	0.0	0.0	0.0	0.0	0.0	0.0	0.0	0.0	0.0	0.0	0.0	0.0	0.0	0.0	0.0	0.0	0.0	0.0	0.0	0.0	0.0	0.0
0.0	0.0	0.0	3.0	156.0	1235.0	6248.0	18120.0	40577.0	69797.0	98861.0	119908.0	129334.0	122858.0	108297.0	88084.0	66392.0	47165.0	31841.0	20659.0	12719.0	7696.0	4493.0	2595.0	1424.0	782.0	400.0	210.0	86.0	29.0	16.0	4.0	5.0	4.0	2.0	0.0	0.0	0.0	0.0	0.0	0.0	0.0	0.0	0.0	0.0	0.0	0.0	0.0	0.0	0.0	0.0	0.0	0.0	0.0	0.0	0.0	0.0	0.0	0.0	0.0	0.0	0.0	0.0	0.0	0.0	0.0	0.0	0.0	0.0	0.0	0.0	0.0	0.0	0.0	0.0	0.0	0.0	0.0	0.0	0.0	0.0	0.0	0.0	0.0	0.0	0.0	0.0	0.0	0.0	0.0	0.0	0.0	0.0	0.0	0.0	0.0	0.0	0.0	0.0	0.0	0.0	0.0
0.0	0.0	0.0	3.0	89.0	876.0	4008.0	13126.0	30616.0	54889.0	82352.0	106232.0	120036.0	122691.0	112464.0	95672.0	77093.0	58780.0	42058.0	28816.0	19068.0	12273.0	7631.0	4611.0	2718.0	1652.0	938.0	557.0	349.0	189.0	112.0	46.0	34.0	12.0	5.0	2.0	1.0	1.0	0.0	0.0	0.0	0.0	0.0	0.0	0.0	0.0	0.0	0.0	0.0	0.0	0.0	0.0	0.0	0.0	0.0	0.0	0.0	0.0	0.0	0.0	0.0	0.0	0.0	0.0	0.0	0.0	0.0	0.0	0.0	0.0	0.0	0.0	0.0	0.0	0.0	0.0	0.0	0.0	0.0	0.0	0.0	0.0	0.0	0.0	0.0	0.0	0.0	0.0	0.0	0.0	0.0	0.0	0.0	0.0	0.0	0.0	0.0	0.0	0.0	0.0	0.0	0.0
0.0	0.0	0.0	1.0	34.0	477.0	2623.0	9146.0	21732.0	42459.0	67036.0	91250.0	109451.0	116428.0	113576.0	103843.0	87324.0	69786.0	51903.0	37720.0	26197.0	17816.0	11519.0	7376.0	4561.0	2908.0	1744.0	1131.0	744.0	473.0	288.0	191.0	116.0	70.0	33.0	21.0	10.0	10.0	3.0	0.0	0.0	0.0	0.0	0.0	0.0	0.0	0.0	0.0	0.0	0.0	0.0	0.0	0.0	0.0	0.0	0.0	0.0	0.0	0.0	0.0	0.0	0.0	0.0	0.0	0.0	0.0	0.0	0.0	0.0	0.0	0.0	0.0	0.0	0.0	0.0	0.0	0.0	0.0	0.0	0.0	0.0	0.0	0.0	0.0	0.0	0.0	0.0	0.0	0.0	0.0	0.0	0.0	0.0	0.0	0.0	0.0	0.0	0.0	0.0	0.0	0.0	0.0
0.0	0.0	0.0	2.0	31.0	310.0	1646.0	6146.0	16104.0	32759.0	53697.0	76581.0	96337.0	108094.0	112263.0	106028.0	94251.0	78912.0	62326.0	47337.0	34420.0	24640.0	16621.0	11162.0	7144.0	4692.0	3011.0	1838.0	1198.0	695.0	411.0	336.0	219.0	170.0	169.0	120.0	100.0	82.0	52.0	36.0	30.0	17.0	9.0	3.0	1.0	0.0	0.0	0.0	0.0	0.0	0.0	0.0	0.0	0.0	0.0	0.0	0.0	0.0	0.0	0.0	0.0	0.0	0.0	0.0	0.0	0.0	0.0	0.0	0.0	0.0	0.0	0.0	0.0	0.0	0.0	0.0	0.0	0.0	0.0	0.0	0.0	0.0	0.0	0.0	0.0	0.0	0.0	0.0	0.0	0.0	0.0	0.0	0.0	0.0	0.0	0.0	0.0	0.0	0.0	0.0	0.0	0.0
0.0	0.0	0.0	0.0	18.0	234.0	1136.0	4190.0	11355.0	24086.0	41440.0	61983.0	81759.0	96789.0	104206.0	104520.0	98231.0	86587.0	72970.0	58209.0	45243.0	33219.0	24025.0	16869.0	11385.0	7815.0	4990.0	3277.0	2087.0	1374.0	767.0	511.0	310.0	177.0	105.0	54.0	29.0	17.0	15.0	5.0	4.0	5.0	2.0	2.0	0.0	0.0	0.0	0.0	0.0	0.0	0.0	0.0	0.0	0.0	0.0	0.0	0.0	0.0	0.0	0.0	0.0	0.0	0.0	0.0	0.0	0.0	0.0	0.0	0.0	0.0	0.0	0.0	0.0	0.0	0.0	0.0	0.0	0.0	0.0	0.0	0.0	0.0	0.0	0.0	0.0	0.0	0.0	0.0	0.0	0.0	0.0	0.0	0.0	0.0	0.0	0.0	0.0	0.0	0.0	0.0	0.0	0.0
0.0	0.0	0.0	0.0	16.0	112.0	695.0	2613.0	7662.0	16730.0	30527.0	48544.0	67212.0	84570.0	95307.0	100412.0	98850.0	91368.0	80446.0	67571.0	54789.0	42456.0	31885.0	23660.0	16912.0	11874.0	8367.0	5704.0	3923.0	2628.0	1787.0	1183.0	802.0	536.0	344.0	211.0	142.0	89.0	36.0	11.0	11.0	8.0	6.0	1.0	0.0	0.0	0.0	0.0	0.0	0.0	0.0	0.0	0.0	0.0	0.0	0.0	0.0	0.0	0.0	0.0	0.0	0.0	0.0	0.0	0.0	0.0	0.0	0.0	0.0	0.0	0.0	0.0	0.0	0.0	0.0	0.0	0.0	0.0	0.0	0.0	0.0	0.0	0.0	0.0	0.0	0.0	0.0	0.0	0.0	0.0	0.0	0.0	0.0	0.0	0.0	0.0	0.0	0.0	0.0	0.0	0.0	0.0
0.0	0.0	0.0	0.0	2.0	58.0	426.0	1689.0	4935.0	11750.0	22425.0	37321.0	54119.0	70162.0	84200.0	92623.0	94287.0	91936.0	84101.0	73831.0	62521.0	51325.0	40751.0	31663.0	24076.0	17652.0	12945.0	9590.0	6851.0	5147.0	3686.0	2746.0	2076.0	1413.0	1064.0	766.0	542.0	366.0	291.0	177.0	161.0	106.0	61.0	50.0	37.0	27.0	16.0	11.0	6.0	6.0	6.0	0.0	0.0	0.0	0.0	0.0	0.0	0.0	0.0	0.0	0.0	0.0	0.0	0.0	0.0	0.0	0.0	0.0	0.0	0.0	0.0	0.0	0.0	0.0	0.0	0.0	0.0	0.0	0.0	0.0	0.0	0.0	0.0	0.0	0.0	0.0	0.0	0.0	0.0	0.0	0.0	0.0	0.0	0.0	0.0	0.0	0.0	0.0	0.0	0.0	0.0	0.0
0.0	0.0	0.0	0.0	4.0	41.0	247.0	1117.0	3388.0	8000.0	16034.0	27866.0	41984.0	57052.0	71695.0	82362.0	87881.0	89416.0	85767.0	79430.0	69665.0	59600.0	49427.0	39763.0	31707.0	24117.0	18251.0	13653.0	10276.0	7669.0	5852.0	4291.0	3285.0	2567.0	1879.0	1520.0	1134.0	879.0	635.0	514.0	302.0	212.0	174.0	106.0	75.0	51.0	34.0	13.0	18.0	11.0	10.0	5.0	4.0	5.0	2.0	4.0	5.0	1.0	0.0	0.0	0.0	0.0	0.0	0.0	0.0	0.0	0.0	0.0	0.0	0.0	0.0	0.0	0.0	0.0	0.0	0.0	0.0	0.0	0.0	0.0	0.0	0.0	0.0	0.0	0.0	0.0	0.0	0.0	0.0	0.0	0.0	0.0	0.0	0.0	0.0	0.0	0.0	0.0	0.0	0.0	0.0	0.0
0.0	0.0	0.0	0.0	3.0	20.0	149.0	674.0	1979.0	4993.0	10846.0	19572.0	31005.0	44184.0	57162.0	68466.0	77029.0	82140.0	82409.0	79094.0	73944.0	65489.0	56687.0	47985.0	39745.0	31995.0	25772.0	20678.0	16359.0	12926.0	10604.0	8272.0	6481.0	5225.0	4017.0	3266.0	2559.0	2059.0	1632.0	1161.0	905.0	688.0	507.0	365.0	265.0	229.0	156.0	106.0	68.0	42.0	32.0	16.0	15.0	14.0	8.0	3.0	0.0	0.0	0.0	0.0	0.0	0.0	0.0	0.0	0.0	0.0	0.0	0.0	0.0	0.0	0.0	0.0	0.0	0.0	0.0	0.0	0.0	0.0	0.0	0.0	0.0	0.0	0.0	0.0	0.0	0.0	0.0	0.0	0.0	0.0	0.0	0.0	0.0	0.0	0.0	0.0	0.0	0.0	0.0	0.0	0.0	0.0
0.0	0.0	0.0	0.0	0.0	5.0	80.0	377.0	1208.0	3247.0	7216.0	13371.0	22027.0	32803.0	43770.0	55286.0	65088.0	71515.0	75465.0	75235.0	72189.0	66891.0	60918.0	53392.0	46075.0	38865.0	32429.0	27526.0	22800.0	19432.0	16107.0	13236.0	11074.0	9304.0	7871.0	6576.0	5618.0	4786.0	3820.0	3149.0	2547.0	2039.0	1660.0	1324.0	1041.0	781.0	566.0	400.0	266.0	221.0	160.0	81.0	52.0	40.0	29.0	21.0	9.0	7.0	3.0	2.0	0.0	0.0	0.0	0.0	0.0	0.0	0.0	0.0	0.0	0.0	0.0	0.0	0.0	0.0	0.0	0.0	0.0	0.0	0.0	0.0	0.0	0.0	0.0	0.0	0.0	0.0	0.0	0.0	0.0	0.0	0.0	0.0	0.0	0.0	0.0	0.0	0.0	0.0	0.0	0.0	0.0	0.0
0.0	0.0	0.0	0.0	2.0	6.0	58.0	211.0	766.0	2000.0	4467.0	8882.0	15078.0	23320.0	32727.0	42432.0	51689.0	58755.0	64616.0	66979.0	67467.0	65369.0	61704.0	56470.0	51305.0	45109.0	39330.0	34307.0	29667.0	25313.0	22043.0	19102.0	16800.0	14347.0	12722.0	10968.0	9408.0	8008.0	6904.0	5991.0	5004.0	4260.0	3516.0	2850.0	2329.0	1812.0	1463.0	1150.0	903.0	679.0	511.0	348.0	257.0	184.0	139.0	93.0	57.0	49.0	20.0	21.0	8.0	15.0	1.0	4.0	2.0	1.0	1.0	1.0	0.0	0.0	0.0	0.0	0.0	0.0	0.0	0.0	0.0	0.0	0.0	0.0	0.0	0.0	0.0	0.0	0.0	0.0	0.0	0.0	0.0	0.0	0.0	0.0	0.0	0.0	0.0	0.0	0.0	0.0	0.0	0.0	0.0	0.0
0.0	0.0	0.0	0.0	1.0	1.0	27.0	119.0	443.0	1213.0	2749.0	5463.0	9495.0	15155.0	22169.0	30068.0	38547.0	46020.0	52630.0	56321.0	58428.0	59213.0	57680.0	55421.0	51791.0	47370.0	42935.0	38840.0	34441.0	30914.0	27770.0	25337.0	22779.0	20708.0	19073.0	16966.0	15344.0	13794.0	12599.0	11299.0	9657.0	8543.0	7377.0	6221.0	5191.0	4361.0	3557.0	2810.0	2282.0	1756.0	1384.0	1070.0	799.0	530.0	371.0	246.0	217.0	145.0	91.0	81.0	61.0	46.0	28.0	19.0	12.0	9.0	6.0	3.0	2.0	2.0	0.0	0.0	0.0	0.0	0.0	0.0	0.0	0.0	0.0	0.0	0.0	0.0	0.0	0.0	0.0	0.0	0.0	0.0	0.0	0.0	0.0	0.0	0.0	0.0	0.0	0.0	0.0	0.0	0.0	0.0	0.0	0.0
0.0	0.0	0.0	0.0	0.0	3.0	5.0	51.0	214.0	610.0	1470.0	3248.0	5948.0	9746.0	14602.0	20280.0	27374.0	33848.0	39942.0	44997.0	48726.0	50835.0	51225.0	51003.0	49139.0	46873.0	43878.0	40944.0	37327.0	34685.0	31922.0	29520.0	27736.0	25536.0	23947.0	22466.0	21114.0	20103.0	18672.0	17342.0	15942.0	14236.0	12667.0	11062.0	9469.0	7986.0	6731.0	5719.0	4690.0	3729.0	3080.0	2367.0	1904.0	1384.0	1079.0	765.0	587.0	385.0	297.0	205.0	134.0	77.0	69.0	41.0	31.0	11.0	12.0	5.0	4.0	1.0	0.0	0.0	0.0	0.0	0.0	0.0	0.0	0.0	0.0	0.0	0.0	0.0	0.0	0.0	0.0	0.0	0.0	0.0	0.0	0.0	0.0	0.0	0.0	0.0	0.0	0.0	0.0	0.0	0.0	0.0	0.0	0.0
0.0	0.0	0.0	0.0	0.0	1.0	4.0	18.0	95.0	299.0	825.0	1638.0	3254.0	5740.0	8976.0	12998.0	17646.0	22645.0	27948.0	32458.0	36068.0	38855.0	41239.0	42315.0	42492.0	41862.0	40510.0	38612.0	36884.0	35664.0	33723.0	32443.0	31161.0	30242.0	28962.0	28640.0	27460.0	26376.0	25623.0	24496.0	23191.0	21586.0	20115.0	18216.0	16324.0	14618.0	12544.0	10701.0	9156.0	7607.0	6315.0	4990.0	3967.0	3208.0	2471.0	1902.0	1401.0	997.0	778.0	531.0	361.0	258.0	219.0	145.0	86.0	65.0	33.0	16.0	14.0	7.0	3.0	2.0	1.0	0.0	0.0	0.0	0.0	0.0	0.0	0.0	0.0	0.0	0.0	0.0	0.0	0.0	0.0	0.0	0.0	0.0	0.0	0.0	0.0	0.0	0.0	0.0	0.0	0.0	0.0	0.0	0.0	0.0
0.0	0.0	0.0	0.0	0.0	0.0	2.0	17.0	53.0	154.0	383.0	878.0	1746.0	3153.0	5167.0	7629.0	10735.0	14175.0	17525.0	21530.0	24425.0	27140.0	29643.0	31316.0	32313.0	32583.0	32986.0	32814.0	32590.0	32305.0	32586.0	31879.0	31983.0	32151.0	32180.0	32097.0	31746.0	32199.0	31863.0	31748.0	30771.0	29646.0	28310.0	26349.0	24460.0	22290.0	20271.0	17978.0	16042.0	13511.0	11396.0	9626.0	8021.0	6263.0	5208.0	4245.0	3414.0	2654.0	1996.0	1560.0	1186.0	878.0	633.0	491.0	374.0	273.0	143.0	117.0	61.0	55.0	28.0	17.0	18.0	7.0	7.0	2.0	1.0	1.0	3.0	0.0	0.0	0.0	0.0	0.0	0.0	0.0	0.0	0.0	0.0	0.0	0.0	0.0	0.0	0.0	0.0	0.0	0.0	0.0	0.0	0.0	0.0	0.0
0.0	0.0	0.0	0.0	0.0	0.0	1.0	3.0	15.0	54.0	163.0	394.0	767.0	1541.0	2498.0	3957.0	5805.0	7847.0	10190.0	12754.0	15198.0	17517.0	19606.0	21398.0	22854.0	24328.0	25326.0	25881.0	26661.0	27277.0	27934.0	28678.0	29342.0	30511.0	31411.0	31764.0	33020.0	33708.0	34399.0	35289.0	35724.0	35613.0	35125.0	34010.0	32765.0	31057.0	28444.0	26424.0	24248.0	21475.0	19037.0	16471.0	14054.0	11809.0	9913.0	8021.0	6431.0	5003.0	4036.0	3079.0	2367.0	1814.0	1397.0	1069.0	744.0	574.0	414.0	275.0	206.0	104.0	66.0	58.0	26.0	18.0	13.0	11.0	4.0	3.0	2.0	2.0	2.0	0.0	1.0	0.0	0.0	0.0	0.0	0.0	0.0	0.0	0.0	0.0	0.0	0.0	0.0	0.0	0.0	0.0	0.0	0.0	0.0	0.0
0.0	0.0	0.0	0.0	0.0	0.0	0.0	1.0	5.0	36.0	61.0	197.0	388.0	668.0	1196.0	1927.0	2876.0	4022.0	5393.0	6936.0	8506.0	10033.0	11750.0	12929.0	14411.0	15437.0	16596.0	17827.0	18624.0	19589.0	20672.0	21974.0	23353.0	25077.0	26821.0	28710.0	30566.0	32768.0	34078.0	35484.0	37236.0	38234.0	39024.0	39239.0	39040.0	37978.0	36727.0	34925.0	33133.0	30684.0	27902.0	25069.0	22283.0	19492.0	16850.0	14098.0	12159.0	9860.0	7988.0	6506.0	5210.0	4214.0	3154.0	2563.0	1949.0	1473.0	1108.0	853.0	629.0	422.0	349.0	235.0	177.0	111.0	77.0	51.0	26.0	19.0	15.0	9.0	8.0	4.0	1.0	3.0	1.0	1.0	0.0	0.0	0.0	0.0	0.0	0.0	0.0	0.0	0.0	0.0	0.0	0.0	0.0	0.0	0.0	0.0
0.0	0.0	0.0	0.0	0.0	0.0	0.0	1.0	4.0	12.0	27.0	56.0	140.0	252.0	492.0	787.0	1137.0	1728.0	2392.0	3249.0	3987.0	5121.0	5907.0	6972.0	8142.0	8767.0	9790.0	10826.0	11740.0	12540.0	14177.0	15340.0	16958.0	18909.0	20532.0	23001.0	25133.0	27979.0	30469.0	33049.0	35717.0	38003.0	40075.0	41294.0	42587.0	43153.0	42375.0	42200.0	40406.0	38879.0	36270.0	33355.0	30734.0	27735.0	24445.0	21793.0	18769.0	16250.0	13636.0	11092.0	9225.0	7439.0	5662.0	4805.0	3725.0	2882.0	2112.0	1593.0	1235.0	890.0	641.0	432.0	330.0	196.0	155.0	115.0	61.0	41.0	21.0	20.0	15.0	11.0	5.0	1.0	4.0	0.0	0.0	0.0	0.0	0.0	0.0	0.0	0.0	0.0	0.0	0.0	0.0	0.0	0.0	0.0	0.0	0.0
0.0	0.0	0.0	0.0	0.0	0.0	0.0	0.0	0.0	2.0	7.0	23.0	46.0	96.0	193.0	293.0	490.0	721.0	1069.0	1418.0	1927.0	2458.0	3037.0	3712.0	4382.0	5048.0	5740.0	6638.0	7301.0	8492.0	9357.0	10694.0	11942.0	13379.0	15318.0	17083.0	19461.0	22144.0	24618.0	27134.0	30516.0	33500.0	36463.0	39266.0	41065.0	43382.0	44217.0	44764.0	44317.0	43818.0	42010.0	40145.0	37777.0	35265.0	31948.0	28815.0	25715.0	22619.0	19593.0	16748.0	14252.0	11956.0	10052.0	8053.0	6588.0	5433.0	4285.0	3348.0	2549.0	1913.0	1445.0	1128.0	873.0	603.0	437.0	267.0	223.0	153.0	97.0	68.0	45.0	21.0	22.0	5.0	7.0	2.0	7.0	1.0	1.0	0.0	0.0	0.0	0.0	0.0	0.0	0.0	0.0	0.0	0.0	0.0	0.0	0.0
0.0	0.0	0.0	0.0	0.0	0.0	0.0	0.0	2.0	2.0	3.0	11.0	19.0	54.0	104.0	158.0	258.0	355.0	521.0	704.0	916.0	1211.0	1443.0	1831.0	2184.0	2601.0	3026.0	3570.0	4016.0	4786.0	5542.0	6416.0	7283.0	8514.0	9908.0	11920.0	13538.0	16084.0	18510.0	20943.0	24433.0	27535.0	30981.0	34195.0	37300.0	39614.0	41968.0	43575.0	45163.0	45707.0	45229.0	44733.0	43627.0	41296.0	39653.0	36195.0	33186.0	30351.0	27192.0	23803.0	20527.0	18101.0	14961.0	12586.0	10638.0	8510.0	7064.0	5721.0	4502.0	3694.0	2861.0	2142.0	1672.0	1230.0	948.0	685.0	584.0	414.0	302.0	207.0	157.0	116.0	57.0	44.0	41.0	18.0	19.0	10.0	4.0	10.0	6.0	0.0	0.0	0.0	0.0	0.0	0.0	0.0	0.0	0.0	0.0	0.0
0.0	0.0	0.0	0.0	0.0	0.0	0.0	0.0	0.0	1.0	2.0	1.0	3.0	5.0	17.0	45.0	75.0	118.0	168.0	260.0	349.0	461.0	637.0	792.0	955.0	1236.0	1504.0	1830.0	2250.0	2665.0	3211.0	3822.0	4394.0	5448.0	6495.0	7715.0	9395.0	11121.0	13255.0	15759.0	18519.0	21486.0	25048.0	28288.0	31888.0	35267.0	37863.0	41293.0	42967.0	44760.0	45595.0	45894.0	45747.0	45276.0	43560.0	41956.0	39508.0	36247.0	32923.0	30233.0	27029.0	23679.0	20869.0	18012.0	15158.0	12957.0	10618.0	9013.0	7369.0	5854.0	4818.0	3845.0	3010.0	2306.0	1832.0	1383.0	1072.0	746.0	574.0	436.0	319.0	248.0	173.0	136.0	72.0	56.0	53.0	23.0	15.0	10.0	5.0	2.0	0.0	1.0	0.0	0.0	0.0	0.0	0.0	0.0	0.0	0.0
0.0	0.0	0.0	0.0	0.0	0.0	0.0	0.0	0.0	0.0	0.0	0.0	2.0	6.0	12.0	22.0	25.0	51.0	79.0	121.0	171.0	212.0	270.0	371.0	490.0	575.0	737.0	920.0	1070.0	1358.0	1657.0	2095.0	2615.0	3283.0	4105.0	5020.0	6329.0	7778.0	9827.0	11711.0	14207.0	16894.0	19808.0	22694.0	25814.0	29038.0	32241.0	35359.0	38502.0	41105.0	43442.0	44744.0	45527.0	46196.0	45598.0	44472.0	43276.0	40864.0	38601.0	35757.0	33055.0	30058.0	26871.0	23857.0	20627.0	17923.0	15210.0	12914.0	10936.0	9148.0	7368.0	5943.0	4670.0	3759.0	2960.0	2333.0	1846.0	1443.0	1008.0	828.0	597.0	435.0	345.0	238.0	155.0	126.0	85.0	55.0	33.0	39.0	20.0	18.0	12.0	7.0	9.0	3.0	2.0	2.0	0.0	1.0	1.0	9.0
